0 0.272558 0.655717 -3.293698 -2.073671 0 5 1534
1 0.272558 3.114610 1.127707 2.289645 342 1520 1986
2 0.272558 -0.184315 -1.684231 -2.393390 777 1769 2112
3 0.272558 -2.659402 -1.757494 2.268572 100 703 1589
4 0.272558 -2.376035 1.748713 2.294685 999 1994 2008
5 0.272558 1.223336 -1.463085 2.399267 323 1389 1544
6 0.272558 -6.043679 -0.804156 1.816513 202 1758 2350
7 0.272558 5.481916 1.029515 -1.926693 75 704 1316
8 0.272558 2.871751 0.670864 2.345968 1520 1590 1918
9 0.272558 -5.726392 3.447087 1.275688 1250 1451 2425
10 0.272558 -5.497375 -3.966991 -1.062101 515 1182 2297
11 0.272558 -0.196751 5.208855 -1.226040 1449 1698 1737
12 0.272558 0.262625 2.544430 2.260902 176 278 1743
13 0.272558 -0.591811 -2.739019 -2.218314 116 172 777
14 0.272558 -0.065128 -1.441963 2.420902 796 1727 1862
15 0.272558 3.509477 3.100820 -1.900327 291 2256 2304
16 0.272558 7.656780 -1.369145 -1.164087 208 428 2261
17 0.272558 2.508164 -1.048805 -2.359795 245 631 1502
18 0.272558 -4.415297 2.920981 -1.798892 415 1764 2405
19 0.272558 6.729678 2.372118 1.310650 1243 1440 2424
20 0.272558 -0.540715 3.484124 -2.025679 1478 1904 1984
21 0.272558 -0.743218 -1.767757 2.373066 113 796 1727
22 0.272558 0.904096 -1.244799 2.433180 1544 1862 2159
23 0.272558 -1.106339 -2.322188 2.281687 113 505 1608
24 0.272558 -4.597016 0.637632 -2.128194 1628 1967 1985
25 0.272558 0.870944 1.241647 2.432988 1058 2077 2407
26 0.272558 2.678382 4.401096 -1.521514 44 1953 2106
27 0.272558 5.944343 -3.741583 -1.026418 1392 1882 2366
28 0.272558 -0.199318 -0.165801 2.496660 533 1855 1955
29 0.272558 7.526651 -1.741326 -1.139396 428 2233 2261
30 0.272558 -5.667955 3.718246 1.157659 506 1250 2425
31 0.272558 -0.984960 -2.704280 -2.214885 116 172 777
32 0.272558 -0.016290 -3.343796 2.071703 698 778 1120
33 0.272558 4.773792 2.515678 -1.834511 1061 1220 2304
34 0.272558 -0.670042 0.381047 -2.486381 599 1966 2455
35 0.272558 -1.795498 2.884960 2.132283 980 1419 1994
36 0.272558 -0.254661 -1.207525 2.441661 796 1727 1862
37 0.272558 -6.886695 -1.684356 1.437957 223 1234 2005
38 0.272558 -2.148318 2.119925 2.259598 1994 2008 2383
39 0.272558 -0.270294 -3.819552 -1.924024 5 1439 1534
40 0.272558 4.173718 1.423598 2.123952 342 1520 2051
41 0.272558 0.091956 0.861511 -2.475087 1850 2338 2455
42 0.272558 5.037604 4.283426 -1.047118 414 1183 1724
43 0.272558 -1.121234 -5.872287 -0.316890 597 1108 2331
44 0.272558 -5.962965 -4.119756 -0.704850 658 884 2029
45 0.272558 3.295705 4.717541 1.227516 228 727 877
46 0.272558 8.359745 -0.488551 -0.858931 1368 1998 2261
47 0.272558 -0.936232 2.976330 2.150829 388 1545 1743
48 0.272558 -0.781927 2.604382 2.239841 176 1743 1765
49 0.272558 -0.652252 -3.643159 -1.977889 116 1439 2309
50 0.272558 -3.982295 3.935716 -1.521562 1228 1584 1764
51 0.272558 -1.028614 4.012236 -1.834934 413 1331 1478
52 0.272558 7.766728 -1.520762 -1.070822 208 428 2261
53 0.272558 -1.746082 3.020718 -2.103292 229 440 1904
54 0.272558 1.782530 -2.799640 2.156900 337 1248 1373
55 0.272558 -0.942967 -2.167883 -2.316351 172 777 2112
56 0.272558 8.368223 -0.155067 -0.874458 1146 1368 2261
57 0.272558 7.104028 -3.171869 -0.735815 573 1057 2366
58 0.272558 -3.703323 1.169659 2.221348 186 757 999
59 0.272558 4.551816 -3.045968 1.733454 944 1144 2296
60 0.272558 -8.599738 -0.264666 -0.677506 271 964 2184
61 0.272558 3.702537 5.116010 -0.786328 824 972 1096
62 0.272558 -0.857024 4.258026 -1.743213 1478 2044 2457
63 0.272558 -1.587653 -5.774505 -0.462960 1108 1541 2331
64 0.272558 5.642064 -4.344238 -0.685700 573 1007 1882
65 0.272558 -7.106379 1.836803 -1.325269 1437 1438 1517
66 0.272558 -6.034473 0.340986 -1.843838 1302 1628 2210
67 0.272558 -1.320248 2.203683 -2.296028 971 1129 2415
68 0.272558 -2.908237 -0.533777 2.356751 938 1589 1924
69 0.272558 2.290230 -0.802054 -2.394690 245 260 1502
70 0.272558 -0.822659 0.678873 -2.473500 1966 2338 2455
71 0.272558 -4.905902 -0.148446 2.085543 57 567 1914
72 0.272558 4.112652 -2.098634 -2.046794 883 1565 2020
73 0.272558 1.058278 -1.185436 2.434305 1407 1544 2159
74 0.272558 -4.069009 0.192702 -2.226186 27 1967 2178
75 0.272558 -5.334532 -1.432989 1.918460 202 867 1424
76 0.272558 5.224700 -1.846702 -1.874612 194 1565 1980
77 0.272558 -5.054918 4.764126 0.506433 159 1617 1644
78 0.272558 -1.304745 4.786444 -1.463133 409 2044 2325
79 0.272558 0.888587 -5.420618 1.025226 432 1376 2057
80 0.272558 2.232680 -2.187218 -2.243689 461 1036 1124
81 0.272558 1.195096 -0.185757 2.478648 492 1407 2265
82 0.272558 -3.803466 1.284861 2.195854 186 757 999
83 0.272558 -2.598520 -0.784362 2.369393 938 1589 1924
84 0.272558 -6.990031 1.570555 -1.427366 65 1437 1684
85 0.272558 1.895522 -2.484822 -2.212630 0 1036 1543
86 0.272558 3.553069 -0.189611 -2.294578 10 245 1277
87 0.272558 1.743229 -3.488318 -1.970159 157 1092 1534
88 0.272558 -2.782850 -2.200003 -2.192785 74 1612 1704
89 0.272558 3.041620 -5.582797 0.272511 1227 1393 1423
90 0.272558 -1.079048 5.850714 -0.401278 571 754 2277
91 0.272558 2.597926 -2.977634 -2.041963 157 1036 1092
92 0.272558 5.278432 3.742659 1.280466 216 1616 2263
93 0.272558 -4.997667 -2.298640 -1.843155 1387 1693 2045
94 0.272558 -3.971412 -0.026938 -2.239477 27 1967 2178
95 0.272558 5.716793 -4.225182 0.749609 832 1077 2348
96 0.272558 -5.684175 1.597644 -1.823533 1090 1244 2386
97 0.272558 7.183654 -3.519968 0.152867 61 1303 1939
98 0.272558 4.993946 2.691895 -1.748904 1061 1220 2304
99 0.272558 -7.510140 1.758214 -1.165360 553 1437 1684
100 0.272558 0.288458 -1.824997 -2.372132 777 1350 2112
101 0.272558 -0.746867 -0.051460 2.487238 533 859 1855
102 0.272558 -0.580842 -1.412292 2.415251 113 1727 1862
103 0.272558 -2.693707 0.612377 -2.370064 261 1576 2178
104 0.272558 0.138429 -3.597700 -1.991579 481 1534 2309
105 0.272558 5.533085 1.289926 -1.889659 75 1316 2360
106 0.272558 0.117900 5.078324 -1.322779 409 1698 2285
107 0.272558 8.170625 -0.442049 -1.001909 217 1368 2261
108 0.272558 0.897332 -3.169913 -2.105267 0 481 1534
109 0.272558 -0.233226 2.610979 2.247531 176 388 795
110 0.272558 8.854241 -0.770288 -0.002698 584 679 2166
111 0.272558 6.594321 2.125002 1.443921 574 1243 2424
112 0.272558 0.440555 1.060429 -2.458470 1551 1850 2455
113 0.272558 5.201717 -0.212714 2.036119 1751 1981 2147
114 0.272558 -2.611473 -2.053701 2.231361 100 703 1999
115 0.272558 -0.081704 3.503072 -2.024732 413 1478 1984
116 0.272558 -5.208748 3.081435 -1.579365 241 1764 2405
117 0.272558 7.237854 1.153159 -1.392753 168 1892 2402
118 0.272558 8.873578 -0.629733 0.143066 584 679 2166
119 0.272558 -3.891564 1.371740 -2.179780 504 1676 2460
120 0.272558 7.199782 -3.304506 -0.516365 573 1528 1939
121 0.272558 -2.030614 3.076524 -2.068622 440 1904 2459
122 0.272558 -6.951966 -3.362474 -0.702372 477 2029 2122
123 0.272558 -1.696684 0.338254 2.453273 315 533 859
124 0.272558 -7.916899 2.089452 -0.784142 553 1974 2449
125 0.272558 -4.235461 1.649391 2.086921 186 842 1858
126 0.272558 -7.356980 1.914259 1.189898 108 1772 2451
127 0.272558 0.890273 3.997836 1.846266 664 814 2022
128 0.272558 4.757296 -1.180245 -2.063195 334 1980 2493
129 0.272558 0.454971 3.317621 2.081185 651 795 1743
130 0.272558 -8.324317 -1.393914 -0.709468 82 964 982
131 0.272558 5.013721 -1.012721 2.034636 189 2147 2205
132 0.272558 -3.127176 -2.345996 -2.131502 503 845 1612
133 0.272558 -3.021786 -1.596313 2.258167 100 1589 1999
134 0.272558 5.033671 -0.059919 -2.067911 334 910 1357
135 0.272558 7.542420 -0.962270 -1.289278 428 1186 2261
136 0.272558 7.089208 -2.117693 -1.250762 106 208 428
137 0.272558 6.522574 -0.305276 1.717792 190 243 1981
138 0.272558 -3.127533 2.290256 2.140616 186 1341 1419
139 0.272558 6.159695 0.027583 -1.810433 376 1204 1496
140 0.272558 -8.827041 0.658424 -0.279786 271 1142 2230
141 0.272558 4.105624 1.052337 2.174879 342 1288 1520
142 0.272558 -5.445682 -2.579022 -1.672527 559 1693 2045
143 0.272558 4.502801 -1.580059 2.064606 189 2150 2205
144 0.272558 -0.765989 4.773891 -1.503288 409 2285 2477
145 0.272558 3.387709 -5.507614 0.162534 586 1227 1423
146 0.272558 -6.235747 -2.126556 1.562801 867 2005 2320
147 0.272558 -5.609642 3.060811 -1.475786 164 241 2405
148 0.272558 2.694443 -3.114334 -1.995554 157 621 1092
149 0.272558 3.336729 1.529477 -2.225707 148 1118 1459
150 0.272558 -1.673036 -4.860938 -1.387645 1264 1509 2199
151 0.272558 3.349707 -3.607799 -1.752715 157 1476 2401
152 0.272558 0.581835 2.520584 2.264330 176 278 795
153 0.272558 -0.921589 -3.669667 1.948960 526 1029 1988
154 0.272558 7.081501 3.423622 -0.505827 1192 1359 1547
155 0.272558 4.140507 1.975412 2.058732 342 702 2051
156 0.272558 -1.055838 3.246910 2.080664 1545 1743 1765
157 0.272558 0.212751 -3.606915 1.993565 778 1120 1988
158 0.272558 5.490484 4.050427 1.015329 1759 2172 2263
159 0.272558 -6.023384 0.646759 -1.833873 1628 2210 2278
160 0.272558 -1.658882 3.151338 2.074870 980 1419 1765
161 0.272558 2.929346 -0.619250 2.350456 836 1052 2238
162 0.272558 -2.620456 3.413761 -1.919764 440 1228 2459
163 0.272558 5.818398 2.166115 -1.677067 1220 1266 2254
164 0.272558 1.048274 0.957155 -2.451637 300 548 1551
165 0.272558 -5.783800 -1.619650 -1.784632 1387 1481 1813
166 0.272558 1.700696 -3.732336 -1.895666 157 901 1534
167 0.272558 6.963228 2.529516 1.173969 574 1247 1440
168 0.272558 1.539379 -4.657581 1.518252 443 1501 2121
169 0.272558 -3.479808 2.364189 2.082748 186 354 1419
170 0.272558 3.631958 2.721731 1.989572 321 1401 1665
171 0.272558 -5.303743 0.125630 -2.017519 1628 1967 2278
172 0.272558 0.948123 -2.104281 2.328067 337 1389 1544
173 0.272558 -4.500183 1.831896 -2.027625 415 668 1688
174 0.272558 -2.336400 1.837529 -2.286554 1666 1707 1942
175 0.272558 -1.692024 -5.052408 -1.257880 465 881 1509
176 0.272558 -1.921284 -1.948288 2.302341 113 703 1999
177 0.272558 -0.105619 -1.256717 -2.444887 466 1769 2112
178 0.272558 5.835288 -3.568883 -1.179621 1753 1882 2366
179 0.272558 0.229724 1.845143 -2.380340 548 637 2076
180 0.272558 5.953204 1.439497 -1.773578 75 704 2402
181 0.272558 3.721613 1.006842 -2.237264 1020 1118 2079
182 0.272558 -6.090211 3.038494 1.335429 506 1250 1451
183 0.272558 -1.659881 1.516335 -2.372634 490 1942 2415
184 0.272558 4.710168 -3.949222 -1.349570 558 1392 1573
185 0.272558 0.194769 -2.459081 2.282097 337 368 698
186 0.272558 0.886230 0.934093 2.459095 1058 1598 2407
187 0.272558 3.986899 4.244034 1.356353 228 877 2151
188 0.272558 0.990596 4.590988 -1.587599 1191 1449 2285
189 0.272558 6.853852 -2.051229 -1.371534 106 428 2233
190 0.272558 -5.434122 1.860294 -1.840295 1090 2386 2405
191 0.272558 -6.940575 1.338814 -1.489987 1244 1437 1517
192 0.272558 -4.062008 -3.324491 -1.750078 706 1329 1693
193 0.272558 2.930599 -1.086186 -2.320513 245 1502 1827
194 0.272558 1.387134 -0.874035 2.446665 323 2159 2448
195 0.272558 -1.946319 -4.259292 1.676016 1436 1899 2488
196 0.272558 4.824798 4.159698 -1.192496 972 1450 1724
197 0.272558 -7.139945 -2.577070 -1.070350 691 1276 2122
198 0.272558 1.328454 0.463840 2.467022 492 1016 2265
199 0.272558 -0.669478 -3.836956 -1.915632 5 1439 2309
200 0.272558 8.791920 -1.028461 0.107174 584 861 2166
201 0.272558 -5.043111 4.869770 0.293918 159 384 1122
202 0.272558 -4.631474 3.873113 1.397034 506 1474 2425
203 0.272558 2.175545 -5.769042 -0.187032 1238 1292 1423
204 0.272558 6.344632 4.215240 -0.046696 349 395 840
205 0.272558 -0.150872 5.812507 -0.571117 571 754 1947
206 0.272558 1.408975 5.520041 -0.860134 350 911 2293
207 0.272558 -3.631309 4.977693 -0.944922 16 1356 2370
208 0.272558 7.287117 -3.431218 -0.087644 61 1057 2158
209 0.272558 -2.974528 5.528418 -0.473594 102 402 2370
210 0.272558 -7.050507 3.515230 -0.457672 1290 1417 2191
211 0.272558 -1.148525 5.746612 -0.609468 571 754 2277
212 0.272558 6.959914 -3.722002 -0.091554 22 61 2158
213 0.272558 -1.268029 5.774493 0.563456 127 254 2322
214 0.272558 5.554651 -4.684041 0.075052 61 586 1311
215 0.272558 -6.373243 4.175349 -0.153160 37 562 1307
216 0.272558 -3.494920 -5.404805 -0.436975 596 975 2391
217 0.272558 -0.827548 -5.925789 -0.171618 1108 2280 2331
218 0.272558 7.956321 2.667292 0.263478 1006 1467 1835
219 0.272558 8.815760 -0.406829 0.400841 29 679 2166
220 0.272558 8.653009 -0.376264 0.603407 679 993 2110
221 0.272558 6.304807 4.210698 0.165353 395 840 1359
222 0.272558 7.196932 3.545288 -0.031614 395 462 1359
223 0.272558 -3.850410 4.856466 -0.983742 16 501 2370
224 0.272558 -3.175480 5.435105 -0.546419 102 402 1462
225 0.272558 4.326424 4.975823 0.693608 228 1834 2058
226 0.272558 -4.463090 -4.916882 0.701561 812 1107 1865
227 0.272558 -0.173108 5.677634 -0.771387 571 754 1698
228 0.272558 -7.542834 2.808737 -0.649990 1417 1974 2449
229 0.272558 -3.778339 5.176945 0.667947 159 1617 1777
230 0.272558 3.439115 4.935500 -1.033079 776 972 1096
231 0.272558 -5.621006 -4.650175 -0.071079 780 1258 1358
232 0.272558 -7.393978 -2.261344 -1.061258 691 1040 2122
233 0.272558 1.476515 5.336909 -1.065267 287 350 657
234 0.272558 4.111692 5.271311 -0.291662 531 824 1073
235 0.272558 -2.828197 5.649715 0.125851 1592 2050 2143
236 0.272558 -3.631967 -5.411410 -0.307392 596 975 2391
237 0.272558 -0.875033 5.734504 0.687463 244 254 614
238 0.272558 0.446068 -5.009539 1.359416 272 1376 1651
239 0.272558 -4.271657 5.239406 -0.112614 402 2050 2064
240 0.272558 -0.895345 -5.700344 -0.724532 1108 1541 2308
241 0.272558 7.870952 -2.576679 0.525001 220 1303 1669
242 0.272558 0.033231 -4.879919 1.437853 272 1008 1963
243 0.272558 -1.170949 5.318343 1.105742 476 582 650
244 0.272558 -1.719068 -1.846083 -2.331348 503 1442 2112
245 0.272558 1.430855 -5.898210 0.090958 1133 1238 2441
246 0.272558 -0.841160 -5.609782 -0.834796 373 1286 1541
247 0.272558 0.426319 5.024748 1.360074 675 1789 2170
248 0.272558 8.797424 1.068433 0.138911 88 324 1593
249 0.272558 2.319826 5.692650 0.431373 1689 1795 1884
250 0.272558 -8.287047 1.227235 -0.797152 553 1184 2184
251 0.272558 3.836381 5.309193 -0.433246 531 1073 1609
252 0.272558 0.276053 5.685883 0.779713 347 705 1263
253 0.272558 6.788393 3.498013 0.732470 28 395 2172
254 0.272558 7.478999 2.101152 -1.055057 525 1733 2250
255 0.272558 -6.850454 2.925803 1.065400 108 926 1250
256 0.272558 -0.381580 5.247193 1.201856 127 1263 2170
257 0.272558 -2.270542 -5.780141 -0.019530 416 951 2331
258 0.272558 -7.990325 2.245682 -0.640040 1184 1974 2449
259 0.272558 5.023274 -3.980361 -1.239841 558 1230 1392
260 0.272558 -0.635464 2.319137 2.297883 176 388 1743
261 0.272558 3.455570 4.088265 1.550753 877 2151 2411
262 0.272558 6.670727 -3.912101 -0.270682 61 573 1939
263 0.272558 -5.657221 4.544284 -0.426794 37 670 1307
264 0.272558 1.310728 -4.811889 -1.449949 84 1730 1791
265 0.272558 2.590588 -4.519327 1.480476 443 1479 2121
266 0.272558 -0.041504 -5.441963 1.042146 160 1200 1376
267 0.272558 1.214809 -5.254390 1.143909 432 1963 2057
268 0.272558 -2.536618 5.410779 -0.812974 102 230 2370
269 0.272558 8.164241 -2.495497 -0.071058 833 1106 2158
270 0.272558 -1.716464 4.706232 -1.473892 150 409 2325
271 0.272558 -2.039505 5.237066 1.077171 167 476 582
272 0.272558 5.942595 -4.290946 -0.526747 22 573 1007
273 0.272558 1.228117 4.993634 1.338606 1059 1789 2367
274 0.272558 -7.021073 -1.317906 1.460499 1234 1448 2350
275 0.272558 5.700337 -4.595354 0.201071 61 586 1311
276 0.272558 6.320557 4.016698 -0.582568 349 1192 1359
277 0.272558 -6.299307 -4.193706 0.253602 1258 1358 1932
278 0.272558 0.953965 3.276070 -2.074286 687 797 2036
279 0.272558 -7.426664 -2.280846 1.024416 85 1153 1235
280 0.272558 4.919068 2.873452 1.713440 2001 2423 2467
281 0.272558 0.162108 -4.386134 1.701043 262 1120 1501
282 0.272558 8.225273 2.337528 0.184372 88 467 1006
283 0.272558 2.393219 -5.446074 0.769781 333 496 1111
284 0.272558 -7.671361 -3.047021 0.137024 477 2025 2273
285 0.272558 4.705885 3.991874 -1.325109 1183 1554 1724
286 0.272558 2.245153 4.049640 -1.734328 1017 1953 2106
287 0.272558 -6.963293 3.464344 0.627826 451 926 2400
288 0.272558 1.207145 -3.633337 1.962180 365 417 1373
289 0.272558 -0.107159 -5.792207 0.593494 31 432 1625
290 0.272558 3.336634 -5.290237 0.710616 283 496 1111
291 0.272558 8.482614 0.504945 0.760721 993 2268 2305
292 0.272558 3.935207 -4.979772 -0.864069 1342 1511 2063
293 0.272558 -4.697517 -5.088541 0.075225 13 975 1358
294 0.272558 -8.390132 -1.557552 -0.568702 82 678 982
295 0.272558 -1.134511 -3.413654 -2.035337 5 116 1439
296 0.272558 -6.838418 3.257865 -0.882273 535 1417 2191
297 0.272558 8.618909 0.565768 0.623850 993 2110 2268
298 0.272558 -5.722034 3.110144 1.426762 1250 1451 1519
299 0.272558 3.276441 -5.466262 -0.471293 1423 2063 2157
300 0.272558 -0.926996 -2.575543 -2.242142 116 288 777
301 0.272558 -5.627608 -4.070997 -0.923872 658 2029 2297
302 0.272558 -4.971937 0.384505 -2.069033 1628 1985 2278
303 0.272558 -2.397031 -2.039798 2.251696 100 505 1999
304 0.272558 -2.743699 1.682435 2.272933 186 999 2008
305 0.272558 -2.671183 -1.315831 2.320415 100 1589 1999
306 0.272558 -1.669015 3.292247 -2.036784 229 440 1904
307 0.272558 5.146915 2.535294 1.750503 2001 2188 2467
308 0.272558 -4.812673 3.653341 1.450159 506 896 2425
309 0.272558 -1.902894 -4.024832 1.769306 166 526 1436
310 0.272558 4.609909 -1.040693 -2.101709 334 1980 2173
311 0.272558 3.433392 1.709745 -2.190727 148 1118 2099
312 0.272558 -1.936141 3.103617 2.069984 791 1419 1765
313 0.272558 -0.375092 4.418824 -1.687624 1331 1478 2285
314 0.272558 -4.104196 1.548906 2.119906 186 757 1858
315 0.272558 -0.984478 -1.419811 2.407407 113 1727 2464
316 0.272558 3.197512 3.330871 -1.876342 291 2256 2304
317 0.272558 1.011755 -3.948002 1.855951 417 778 1501
318 0.272558 -1.423338 2.841761 -2.166393 229 332 1904
319 0.272558 -0.063220 -3.575220 2.004650 778 1120 1988
320 0.272558 5.059083 2.493261 -1.782163 1061 1220 2304
321 0.272558 -4.603988 -2.331150 1.911657 636 782 1424
322 0.272558 -2.094075 3.825372 1.830650 862 1948 2307
323 0.272558 3.228284 -3.839406 -1.689863 157 1306 1476
324 0.272558 6.030194 2.226341 -1.601076 915 1220 2360
325 0.272558 -5.859971 -2.114214 1.672898 837 2320 2350
326 0.272558 5.050606 3.881870 1.278026 216 1472 2263
327 0.272558 -6.183532 -1.727658 -1.656542 1481 2027 2045
328 0.272558 -0.054983 4.851765 -1.469946 409 1449 2044
329 0.272558 -2.129624 -3.197749 -2.029619 987 1256 2375
330 0.272558 -3.448554 -2.524292 -2.057916 74 1612 1732
331 0.272558 3.692076 -0.414156 -2.273125 10 245 1277
332 0.272558 0.214660 -3.942717 -1.882257 5 1534 2309
333 0.272558 4.240008 -2.394559 -1.963663 1504 1565 2493
334 0.272558 2.382864 1.904552 2.277367 73 803 1245
335 0.272558 1.030455 2.940818 -2.161359 312 797 1352
336 0.272558 -1.095107 1.964564 -2.343161 490 971 1833
337 0.272558 5.687313 0.387439 1.932779 1022 1815 1981
338 0.272558 -0.671517 3.189386 -2.108935 332 413 1984
339 0.272558 -7.531674 2.002111 1.069095 1154 1772 2451
340 0.272558 5.264689 -0.452170 2.020004 1981 2147 2485
341 0.272558 -6.912377 -2.019903 1.355277 1234 1235 2350
342 0.272558 1.786634 1.621545 -2.358611 1275 1383 1551
343 0.272558 -5.028332 -2.620187 -1.762207 226 1796 2045
344 0.272558 1.944763 -2.728755 -2.160856 1036 1092 1124
345 0.272558 4.141522 2.141483 2.030288 286 702 2051
346 0.272558 -1.919727 -3.936952 -1.811013 844 1439 2385
347 0.272558 0.417438 -4.840052 1.459382 272 1501 1963
348 0.272558 -2.464651 3.081359 -2.033212 229 440 1885
349 0.272558 -7.092738 1.180024 1.455540 610 1252 1772
350 0.272558 -2.117964 -1.845437 -2.306278 288 503 1442
351 0.272558 1.890287 0.889914 -2.416791 300 857 1586
352 0.272558 -5.321196 -0.700729 -1.991687 259 1078 2344
353 0.272558 -4.170098 1.266830 -2.151919 504 1676 1688
354 0.272558 -0.979273 2.780394 -2.200783 971 1129 1904
355 0.272558 1.426283 -2.973870 2.137148 337 1315 1859
356 0.272558 5.197774 2.809966 1.665948 2001 2423 2467
357 0.272558 -0.954087 0.137576 -2.486086 599 1966 2338
358 0.272558 6.999173 2.988484 -0.935605 528 1192 1547
359 0.272558 -3.347701 1.805727 -2.196366 59 1688 1707
360 0.272558 -1.474799 -1.586988 -2.379993 288 1416 1442
361 0.272558 -0.332468 3.536700 2.019270 814 1545 1743
362 0.272558 -3.699230 2.718700 -1.975571 59 415 1681
363 0.272558 -4.946131 -0.428613 2.075738 60 567 1914
364 0.272558 1.526970 3.072054 2.109896 522 1497 2491
365 0.272558 0.892625 4.342045 -1.708649 829 2106 2285
366 0.272558 -6.012165 0.608236 1.842221 773 779 1861
367 0.272558 -5.957211 2.519565 -1.554854 241 838 2405
368 0.272558 5.128616 -2.212850 -1.829914 194 1607 1729
369 0.272558 3.237747 -2.137870 -2.160044 461 883 1036
370 0.272558 -1.541406 -3.453179 -2.000866 116 1439 2385
371 0.272558 -1.935256 5.071757 1.214656 167 476 582
372 0.272558 1.915898 3.782214 1.861908 664 725 2491
373 0.272558 -5.218371 -2.726427 1.685592 766 837 2320
374 0.272558 -2.990054 -3.416424 -1.879959 1329 2375 2385
375 0.272558 -4.828164 2.836126 1.743794 125 1489 1519
376 0.272558 5.499583 -1.649035 -1.845389 194 1607 1980
377 0.272558 3.844887 3.953202 -1.544634 1953 2240 2495
378 0.272558 -1.253606 -0.050217 -2.477542 340 599 1966
379 0.272558 -4.033841 -1.725984 -2.120216 1 845 2247
380 0.272558 4.937466 1.343219 2.012396 24 2051 2215
381 0.272558 -6.665518 -3.365780 -0.912253 658 1810 2122
382 0.272558 0.891417 1.210412 -2.439912 548 1551 1850
383 0.272558 2.063016 1.696580 -2.330994 857 1275 1383
384 0.272558 -0.328732 1.541419 2.418358 143 207 2077
385 0.272558 4.580755 3.608549 1.536866 2151 2242 2467
386 0.272558 5.935793 -1.099418 -1.819404 238 529 1980
387 0.272558 -5.015807 1.129117 -2.023867 1628 1660 2386
388 0.272558 -5.923634 2.272496 -1.632066 18 1090 2405
389 0.272558 -4.819192 2.539114 1.825124 125 1489 1519
390 0.272558 0.016204 -1.051167 -2.465782 466 806 1769
391 0.272558 -4.822839 0.457017 2.095913 60 757 1588
392 0.272558 2.207719 2.047278 2.269635 73 803 1245
393 0.272558 -4.074243 -3.142585 -1.805955 706 1525 1693
394 0.272558 -0.254730 -2.987955 -2.167409 5 116 777
395 0.272558 5.222022 -3.316607 1.489592 487 1144 1710
396 0.272558 1.558108 -0.313911 -2.461073 260 1705 1783
397 0.272558 -4.228250 -4.892112 0.834699 812 1460 1865
398 0.272558 4.113716 -1.487879 2.137728 189 530 2150
399 0.272558 -2.955330 -3.677928 -1.798940 706 1067 1329
400 0.272558 4.684356 4.907578 -0.589180 824 972 1073
401 0.272558 6.920269 1.884852 1.375861 574 1243 2424
402 0.272558 6.257379 4.164593 -0.336294 840 1192 1359
403 0.272558 2.217795 -5.775344 0.064845 1227 1238 1423
404 0.272558 6.967212 -3.588558 -0.441007 573 1057 1939
405 0.272558 5.432459 4.047793 -1.056146 414 972 1672
406 0.272558 -2.949696 5.591186 0.324962 601 2050 2432
407 0.272558 -4.891129 -4.974091 0.261534 13 1358 2037
408 0.272558 -0.037693 -5.320680 1.143686 272 1232 1376
409 0.272558 2.627597 5.549824 -0.561378 350 1386 1609
410 0.272558 -7.125117 1.187229 -1.440697 1437 1517 1524
411 0.272558 -1.759669 5.104235 -1.219849 409 545 2325
412 0.272558 4.223341 4.320107 1.263740 228 877 2151
413 0.272558 -0.411903 5.460437 1.031355 127 650 1263
414 0.272558 2.621938 -5.022803 -1.154943 84 239 1511
415 0.272558 -2.020304 -5.479278 0.825071 787 1990 2342
416 0.272558 2.566002 2.173735 2.217736 803 1245 1665
417 0.272558 2.956579 5.195048 0.940011 1689 1929 2006
418 0.272558 3.805126 4.815973 -1.035939 972 1096 1724
419 0.272558 2.889279 4.680164 1.336820 375 877 1929
420 0.272558 -0.412125 5.522234 -0.971666 1698 1737 1947
421 0.272558 -5.083485 4.317464 -1.005886 16 63 670
422 0.272558 2.890423 4.818111 1.250598 727 877 1929
423 0.272558 2.067642 5.535481 0.755809 952 1689 1795
424 0.272558 -2.237079 -5.772008 0.149200 416 951 2331
425 0.272558 -3.435223 -5.508030 0.151140 13 1433 2232
426 0.272558 0.898202 5.945949 -0.103692 821 1934 2406
427 0.272558 2.711515 -4.281530 1.581166 397 443 1479
428 0.272558 -1.304084 -5.792452 0.469488 31 416 2280
429 0.272558 -5.442140 -1.728673 1.847915 202 837 867
430 0.272558 4.672417 -4.717200 0.813019 283 581 745
431 0.272558 0.709603 5.966729 -0.007166 821 1934 2406
432 0.272558 3.104405 4.888543 -1.151914 1096 1140 2240
433 0.272558 1.581824 -4.593772 -1.544722 84 112 1872
434 0.272558 0.386345 -5.521456 0.957872 160 432 1376
435 0.272558 2.879930 5.576241 -0.408966 1386 1523 1609
436 0.272558 1.556865 -5.631546 0.698966 333 432 2441
437 0.272558 4.659249 -4.850260 0.658900 283 2348 2379
438 0.272558 1.900879 5.778571 -0.336065 1386 1461 2406
439 0.272558 -0.168704 4.270328 1.758245 83 1867 2022
440 0.272558 1.633499 -5.458645 0.890184 432 1410 2057
441 0.272558 -3.623423 -5.424530 0.316352 13 951 2232
442 0.272558 -1.297167 -5.569373 -0.841493 465 1286 1541
443 0.272558 4.831464 4.961219 -0.427735 824 1073 2130
444 0.272558 -1.316635 5.917717 0.160457 254 1334 2322
445 0.272558 0.603059 0.604528 2.483502 1058 1598 2265
446 0.272558 -6.287565 -4.134338 0.441516 904 1358 1932
447 0.272558 -2.127624 5.774903 -0.316387 102 1911 2143
448 0.272558 5.660367 4.276984 0.745327 1759 1834 2172
449 0.272558 1.189895 3.980133 1.841805 664 2022 2491
450 0.272558 1.823653 -4.394476 -1.618075 84 1730 1945
451 0.272558 5.600518 -4.121198 0.911574 832 1077 2348
452 0.272558 -2.218079 5.790654 -0.144286 601 2143 2277
453 0.272558 2.747562 4.470636 1.469198 727 877 2411
454 0.272558 5.003054 -4.257531 1.061142 487 581 2348
455 0.272558 5.632095 -4.479845 -0.535373 573 588 1007
456 0.272558 6.251507 2.942237 -1.311494 528 1663 1672
457 0.272558 1.347683 5.638314 0.748758 705 852 1795
458 0.272558 -4.073198 -4.792584 0.991022 812 1865 2466
459 0.272558 -1.107001 2.643359 2.222596 1743 1765 1994
460 0.272558 2.007603 5.821139 -0.155669 1386 2293 2406
461 0.272558 5.326691 4.807671 0.124469 840 1793 1834
462 0.272558 -3.341099 -5.380497 -0.582485 596 1606 2391
463 0.272558 -4.276565 -3.834834 -1.510506 1525 1602 2291
464 0.272558 1.162331 4.217179 1.749621 651 664 2022
465 0.272558 -1.973540 -3.726687 -1.883100 1067 1256 1439
466 0.272558 -3.774854 -3.605529 -1.702142 706 1525 1602
467 0.272558 4.189754 -4.072812 -1.415122 558 1230 2401
468 0.272558 -6.370047 -2.341500 1.464572 2005 2320 2350
469 0.272558 -0.539544 -4.078486 1.825400 262 526 1029
470 0.272558 0.490421 4.216313 -1.776883 1191 1478 2285
471 0.272558 2.471002 -4.691512 1.397572 397 443 2121
472 0.272558 2.115933 -3.668736 1.894906 417 1373 2124
473 0.272558 -3.355279 4.558132 1.333809 1474 1560 2413
474 0.272558 1.120914 -5.808852 -0.491873 276 498 1238
475 0.272558 -4.750354 -4.986742 0.423687 13 1358 1460
476 0.272558 -4.556055 -3.893558 1.422468 606 826 1740
477 0.272558 -7.411885 2.705432 -0.848561 1417 1974 2449
478 0.272558 -3.654329 -5.448230 -0.100115 13 975 2391
479 0.272558 -0.638842 -3.604798 1.982537 166 1120 1988
480 0.272558 -2.138801 4.479884 -1.558614 1826 2325 2477
481 0.272558 2.511360 2.086351 -2.238298 1776 1806 2099
482 0.272558 -0.434789 -5.365738 -1.097850 373 818 2199
483 0.272558 3.917108 -5.374794 -0.216881 586 1423 2216
484 0.272558 3.286793 1.260991 2.262467 342 1520 1918
485 0.272558 -2.855050 -5.365674 -0.767611 1115 1385 1541
486 0.272558 -1.511002 -2.853190 2.158179 174 450 505
487 0.272558 3.372914 -5.191826 0.819287 283 496 1111
488 0.272558 6.954660 1.113817 -1.515308 1892 2250 2402
489 0.272558 -1.038971 -5.829093 0.440833 31 416 2280
490 0.272558 -1.467106 -2.912489 -2.149285 116 172 1256
491 0.272558 -4.744520 -4.378272 1.093291 279 1865 1960
492 0.272558 -1.895251 -4.489406 1.578403 526 1436 1812
493 0.272558 5.858177 -4.353349 0.553525 832 1311 2348
494 0.272558 2.193777 -5.335680 0.934565 1111 1410 2057
495 0.272558 8.003947 -2.692364 -0.124975 810 1057 2158
496 0.272558 4.310940 -4.187800 1.323704 581 1633 2145
497 0.272558 -4.296221 -4.062766 -1.393512 1363 1602 2297
498 0.272558 -1.266024 4.491956 1.619395 552 2053 2345
499 0.272558 4.929267 -4.973713 -0.233802 586 1851 2216
500 0.272558 5.294392 -4.404058 -0.826228 573 1007 1342
501 0.272558 -7.831012 -2.714150 -0.421754 477 921 2122
502 0.272558 -4.810972 0.131340 2.104661 57 60 1914
503 0.272558 0.330351 -5.460291 1.015296 432 1200 1376
504 0.272558 7.178453 2.929529 -0.852878 525 1192 1547
505 0.272558 -6.842618 3.129957 0.955878 108 926 1250
506 0.272558 0.518437 5.551238 0.927842 138 614 705
507 0.272558 8.484191 -0.084294 -0.782953 1146 1368 1998
508 0.272558 8.653329 1.336680 -0.357067 1686 1961 2335
509 0.272558 -8.185710 0.991143 -0.935377 274 553 2184
510 0.272558 -3.738873 -2.655556 -1.988581 845 1612 1796
511 0.272558 -8.302309 -2.136656 0.241831 72 1298 2273
512 0.272558 7.447588 -3.024829 -0.569189 573 833 1528
513 0.272558 7.859940 1.325941 -1.077353 293 1733 2250
514 0.272558 -7.921451 1.218490 1.066630 947 1772 1987
515 0.272558 -8.147951 -0.251609 -1.051076 932 964 2184
516 0.272558 8.189123 1.698172 0.741118 946 948 1006
517 0.272558 8.104055 -2.564981 0.029907 833 1669 2158
518 0.272558 8.491222 -0.047060 0.784693 29 479 993
519 0.272558 7.489068 -0.733516 1.348065 243 1296 1420
520 0.272558 8.733230 1.081615 0.280387 88 324 1593
521 0.272558 -4.217505 -3.244644 1.742169 345 1097 1740
522 0.272558 -6.786630 1.840533 -1.447897 838 1437 1684
523 0.272558 7.572619 -0.094771 1.340169 243 605 1296
524 0.272558 8.317409 1.685193 0.611485 948 992 2268
525 0.272558 -8.300704 0.580306 0.912257 947 1987 2303
526 0.272558 -5.963707 3.801050 0.980655 1167 1250 2425
527 0.272558 0.305634 0.143754 -2.501153 537 1850 2338
528 0.272558 6.601294 2.744594 1.253795 1440 1446 2424
529 0.272558 5.118013 -3.268679 -1.530800 1230 1392 1729
530 0.272558 7.276307 3.375675 0.397321 28 395 467
531 0.272558 6.419620 0.035422 -1.738163 376 1204 2202
532 0.272558 8.642221 -1.623124 0.040249 584 679 1106
533 0.272558 7.245090 2.703640 0.955851 948 1247 1440
534 0.272558 7.948433 2.414918 -0.564230 184 408 1547
535 0.272558 8.484180 -1.713263 -0.409153 221 584 2437
536 0.272558 -2.750032 3.149214 -1.986402 440 1432 2459
537 0.272558 7.735268 1.932975 0.987421 946 948 2424
538 0.272558 2.248693 2.272557 -2.230777 1383 1806 2099
539 0.272558 0.099222 4.312578 -1.739000 829 2044 2285
540 0.272558 -2.299866 -4.064026 1.726489 526 1436 2484
541 0.272558 -5.325198 2.009542 1.831259 646 1858 2043
542 0.272558 -7.111548 1.903876 1.310265 108 663 1772
543 0.272558 8.881537 0.052059 -0.293698 87 1146 2166
544 0.272558 6.888215 -0.264192 1.603410 190 565 622
545 0.272558 -7.979451 0.289119 1.145309 119 1908 1987
546 0.272558 1.932254 5.197821 -1.129092 350 776 911
547 0.272558 8.900354 0.580492 -0.210364 1961 1965 2166
548 0.272558 -5.993476 1.366130 -1.779459 1090 1244 2386
549 0.272558 2.976315 -5.141553 -0.985350 934 1511 2063
550 0.272558 -6.257955 -2.034889 -1.579953 559 1813 2045
551 0.272558 6.041816 3.327130 1.231523 216 1440 1616
552 0.272558 3.616888 1.919380 -2.138683 1118 1459 1641
553 0.272558 3.458279 -4.652924 1.250062 581 1482 2145
554 0.272558 -4.997580 -1.361913 1.999534 202 592 1424
555 0.272558 5.046277 2.301801 1.836278 2001 2188 2423
556 0.272558 3.004090 4.754817 -1.275285 44 1140 2240
557 0.272558 -2.960650 1.956968 -2.214359 59 1666 2460
558 0.272558 -5.838179 2.534604 1.584425 646 1451 1519
559 0.272558 5.587169 -4.460568 0.594394 832 1311 2348
560 0.272558 -1.330535 1.983113 2.334091 143 1994 2008
561 0.272558 -0.907128 4.478115 1.647806 83 552 2053
562 0.272558 -7.567867 -2.325815 0.910981 1153 1235 1881
563 0.272558 -3.001973 -3.864624 -1.721391 1067 1602 2385
564 0.272558 4.913217 -3.072170 -1.647385 20 1230 1786
565 0.272558 7.862976 2.836638 -0.126175 184 467 1835
566 0.272558 0.036236 0.130084 -2.501644 599 1850 2013
567 0.272558 -2.489229 1.158439 2.354207 999 1075 2008
568 0.272558 -4.494038 3.087374 1.739030 1489 1519 2026
569 0.272558 3.608534 0.522278 -2.284054 1020 1135 1277
570 0.272558 1.194565 -1.211964 -2.431335 1769 1783 2003
571 0.272558 0.864321 -0.402415 2.488157 1340 1955 2265
572 0.272558 -5.355677 1.637137 -1.896234 668 1090 2386
573 0.272558 -4.364606 -2.856428 1.830502 345 636 766
574 0.272558 0.990234 -2.306235 -2.290505 777 1124 1350
575 0.272558 -2.393046 -2.706794 -2.132298 503 987 1612
576 0.272558 1.271007 -3.437268 2.019563 417 778 1373
577 0.272558 -3.190481 -3.010442 1.971515 345 1097 1600
578 0.272558 -3.376433 -3.895154 1.653587 826 1097 2484
579 0.272558 -5.082342 1.936329 1.895959 125 1858 2043
580 0.272558 -7.201858 -3.567578 -0.125047 477 665 2025
581 0.272558 -8.180331 -1.730355 -0.714952 82 678 982
582 0.272558 6.278988 -2.088697 1.558368 770 807 1596
583 0.272558 7.097546 2.627994 1.073212 1247 1440 2424
584 0.272558 5.448198 0.638234 1.973356 629 1022 2215
585 0.272558 7.533567 2.556533 0.857615 1084 1247 2144
586 0.272558 -1.590854 1.214644 2.411834 570 1075 2015
587 0.272558 -1.640977 0.995899 2.426085 570 1075 2015
588 0.272558 -5.221980 -3.358566 -1.481093 1182 1363 1895
589 0.272558 3.186023 4.042651 1.615331 560 877 2411
590 0.272558 8.799409 -0.205817 -0.443581 1146 1864 1998
591 0.272558 -5.524821 0.052235 1.969506 60 401 567
592 0.272558 -6.632845 -2.996164 1.139608 726 1235 1371
593 0.272558 4.897515 -2.597379 1.793984 47 1144 1224
594 0.272558 7.940164 -1.474326 1.002726 343 617 1420
595 0.272558 1.537412 1.805318 2.345293 278 834 1699
596 0.272558 4.190290 -3.481963 1.666272 252 944 2296
597 0.272558 -8.933855 -0.156872 0.053466 1402 1685 2186
598 0.272558 1.406025 3.324337 2.050788 522 651 1497
599 0.272558 6.896043 -2.825661 1.091126 1578 2427 2443
600 0.272558 -4.088186 5.186499 -0.464931 402 2064 2370
601 0.272558 6.946022 0.580145 1.575307 622 1490 2252
602 0.272558 5.803375 1.809229 1.759641 600 2001 2188
603 0.272558 -2.727476 2.247949 -2.190210 59 229 1707
604 0.272558 -1.019631 -4.569923 -1.598626 881 1264 1839
605 0.272558 3.464425 3.594952 1.753932 321 2102 2242
606 0.272558 3.020639 -0.842088 2.331209 836 1052 1260
607 0.272558 -2.268199 -1.078830 2.381203 1589 1924 1999
608 0.272558 1.375988 2.540615 2.236838 278 1245 1497
609 0.272558 2.614049 -2.341648 2.186843 406 447 2314
610 0.272558 2.027370 4.635955 1.477748 375 664 1059
611 0.272558 0.252604 2.956658 -2.176065 312 332 687
612 0.272558 4.105694 -3.632979 -1.620180 1230 1476 2401
613 0.272558 -2.350785 1.552825 -2.325066 490 1707 1942
614 0.272558 -2.844978 -3.192349 -1.966751 706 1612 2385
615 0.272558 6.317599 2.050481 1.560843 574 677 1243
616 0.272558 -2.831461 -1.138994 -2.327959 435 1442 2061
617 0.272558 6.673236 2.172734 -1.394972 915 1801 2254
618 0.272558 0.805313 -2.395365 -2.281274 149 777 1350
619 0.272558 3.116592 -3.914979 1.690600 750 1196 1479
620 0.272558 -6.939912 -0.465239 1.581283 223 1758 2266
621 0.272558 5.573765 -2.713965 -1.596031 20 632 1729
622 0.272558 -3.314994 -1.491234 2.239898 30 100 1589
623 0.272558 1.285986 -1.465992 -2.403640 593 1769 2003
624 0.272558 3.599763 -4.298355 -1.430586 399 918 2401
625 0.272558 -4.049088 -2.941311 -1.869515 706 1693 1796
626 0.272558 -3.188102 4.245426 1.531339 1474 1842 1948
627 0.272558 -4.373673 4.368815 1.209472 1474 2413 2425
628 0.272558 6.256061 -1.667357 -1.654550 92 238 1254
629 0.272558 -5.011692 -0.647196 2.057220 202 567 1914
630 0.272558 -7.468634 -0.570974 1.373945 427 1284 1908
631 0.272558 -5.182032 -3.724218 1.329800 49 89 1740
632 0.272558 2.573365 2.351775 -2.189662 1383 1806 2099
633 0.272558 5.703338 0.647136 -1.907657 75 1316 1496
634 0.272558 3.490995 -3.048789 1.924556 303 1951 2296
635 0.272558 -1.348443 1.753371 2.366797 143 1994 2008
636 0.272558 -4.721063 -0.363251 -2.126156 27 1078 1967
637 0.272558 -3.768927 3.770382 1.635505 896 1474 1962
638 0.272558 -6.483754 -2.931229 1.227313 285 455 1235
639 0.272558 3.783861 2.307443 -2.052809 1641 1971 2099
640 0.272558 2.436996 2.871117 -2.092939 1280 1806 2256
641 0.272558 4.304448 -1.132391 -2.146643 334 1646 2173
642 0.272558 2.417902 0.108946 -2.411848 1586 1705 1821
643 0.272558 -1.770828 -4.130296 -1.749471 1067 1264 1439
644 0.272558 4.060757 -0.753155 -2.210669 10 334 2173
645 0.272558 4.884652 -4.118455 1.192862 99 581 864
646 0.272558 7.677635 1.660668 1.102739 475 946 1247
647 0.272558 -6.784696 -2.861231 -1.131318 691 1810 2122
648 0.272558 7.759015 -0.785883 1.218960 1296 1420 2471
649 0.272558 2.318000 -2.810220 -2.113522 0 1036 1819
650 0.272558 1.092400 4.717655 -1.518500 1449 2106 2285
651 0.272558 -1.540293 3.654431 -1.941161 440 1904 2457
652 0.272558 -3.473709 1.294683 -2.245199 1676 1688 2460
653 0.272558 -5.796650 0.501045 1.902038 773 1588 1861
654 0.272558 -3.449896 3.245805 -1.874369 1432 1681 1885
655 0.272558 4.120110 -3.677176 1.609926 252 944 1426
656 0.272558 -0.017236 -4.478609 -1.667145 32 1839 2163
657 0.272558 -4.090403 4.838489 0.930705 572 1054 1617
658 0.272558 -6.173780 1.670974 1.686579 145 610 646
659 0.272558 5.559073 3.475555 -1.337953 1450 1663 1672
660 0.272558 -2.368263 4.030807 -1.738361 150 440 1228
661 0.272558 -3.316649 -0.354422 -2.317916 322 1993 2052
662 0.272558 2.886015 1.447792 -2.287552 148 748 1459
663 0.272558 -3.625967 3.643500 1.714040 129 896 1962
664 0.272558 3.763018 -4.087588 1.505948 1426 1633 2145
665 0.272558 0.977505 5.454969 0.998374 705 1263 2367
666 0.272558 -1.567388 -4.047060 -1.797118 844 1067 1439
667 0.272558 2.235642 -1.692131 2.320171 1389 1824 2159
668 0.272558 -1.406303 -3.439997 1.998512 166 785 1988
669 0.272558 -2.773503 -3.574749 1.856172 156 1097 2488
670 0.272558 1.607337 -4.034429 -1.791692 157 1534 1730
671 0.272558 -3.789288 -1.573622 2.172462 30 644 1085
672 0.272558 1.498700 3.644186 -1.948425 797 1017 2036
673 0.272558 -7.934420 -1.323420 -1.052656 678 932 1040
674 0.272558 -0.832331 -5.038955 1.329890 1008 1200 1816
675 0.272558 -0.344541 1.521322 -2.419820 548 637 1157
676 0.272558 -3.893361 0.518593 -2.245159 1676 1967 2178
677 0.272558 -3.344004 0.787491 2.299160 133 999 2395
678 0.272558 -2.024817 3.582776 1.924670 862 980 2307
679 0.272558 3.336568 -3.333541 -1.845587 157 621 1476
680 0.272558 7.540858 -0.140587 -1.366921 761 1172 1491
681 0.272558 2.348174 5.221254 -1.047129 350 657 776
682 0.272558 0.178702 -4.901666 -1.440807 105 818 1872
683 0.272558 -1.954365 -5.603573 0.666674 787 1735 1990
684 0.272558 7.381222 0.894317 1.377199 1490 2218 2252
685 0.272558 4.004030 -2.613200 -1.956400 883 1504 1565
686 0.272558 3.715630 -4.883111 1.021058 283 581 1482
687 0.272558 -5.548455 -4.397612 0.718222 1107 1226 1865
688 0.272558 -4.707091 1.096333 2.075306 422 757 773
689 0.272558 1.832060 2.216277 -2.272051 1275 1383 1806
690 0.272558 -7.976394 -0.172753 -1.156522 932 966 2184
691 0.272558 5.204183 -2.237767 1.819982 1168 1224 1596
692 0.272558 -3.232454 -4.599960 -1.315337 1509 1808 1972
693 0.272558 -1.257633 -5.303959 1.111658 787 1200 1816
694 0.272558 5.591572 4.647514 -0.279884 349 840 2130
695 0.272558 -4.054810 3.141961 1.805705 681 1489 1962
696 0.272558 -5.713488 3.338002 -1.344997 164 241 1645
697 0.272558 2.117993 3.694285 -1.884135 1017 1217 1679
698 0.272558 0.731687 4.201095 -1.777892 829 1191 2285
699 0.272558 3.861866 -2.677531 1.965984 47 1951 2296
700 0.272558 5.192773 3.987832 1.161540 216 1472 1759
701 0.272558 -7.726462 2.467653 -0.734160 1184 1417 1974
702 0.272558 -4.467290 5.053765 -0.459470 402 670 2064
703 0.272558 1.557797 -4.968876 -1.332460 84 1791 1872
704 0.272558 2.768889 2.767712 2.081553 321 1245 1665
705 0.272558 -1.072221 4.711570 -1.524249 409 1331 2044
706 0.272558 6.988885 -1.691710 1.402811 807 1076 2403
707 0.272558 -0.404762 1.741450 2.394973 143 207 2077
708 0.272558 6.097917 -1.231354 -1.761170 238 529 1980
709 0.272558 -4.768556 -2.188276 1.911044 782 1424 2475
710 0.272558 -5.371815 -1.579954 -1.896107 1481 2045 2384
711 0.272558 8.427515 -1.154296 0.710607 29 679 767
712 0.272558 3.100704 2.658845 -2.070053 1971 2099 2256
713 0.272558 -0.112139 -0.782803 -2.482804 466 806 2013
714 0.272558 -2.646126 3.162673 1.990307 439 862 1419
715 0.272558 1.577019 -0.735224 2.445458 1407 2159 2448
716 0.272558 5.975836 2.589235 -1.522594 915 1220 2254
717 0.272558 1.668252 3.279538 2.046753 522 1497 2491
718 0.272558 -3.709906 2.868675 1.939013 1341 1489 1962
719 0.272558 -1.005943 -3.540204 1.987583 282 1029 1988
720 0.272558 7.308244 -0.737951 -1.425052 428 761 1491
721 0.272558 2.480824 3.379300 1.946770 321 522 725
722 0.272558 -1.923087 -2.022141 -2.294450 288 503 1442
723 0.272558 5.960309 1.036273 1.827330 600 1815 2174
724 0.272558 5.326869 -1.070724 1.969174 1782 2147 2205
725 0.272558 4.395712 3.529558 1.611664 2151 2242 2467
726 0.272558 -5.241678 -0.973739 -1.986869 1762 2344 2384
727 0.272558 1.752752 2.885262 -2.141809 797 1352 1806
728 0.272558 1.577576 2.309689 2.267318 278 834 2096
729 0.272558 -0.086769 -0.499690 2.493327 1855 1955 2396
730 0.272558 -4.107320 -3.702534 -1.604518 1329 1363 1602
731 0.272558 -4.205849 -2.642007 1.913513 345 782 2475
732 0.272558 -3.484803 -2.218354 -2.115010 357 845 1612
733 0.272558 5.550718 -2.917161 -1.538072 1225 1729 1753
734 0.272558 6.225521 0.969296 1.765758 600 1815 2174
735 0.272558 -3.005529 3.893170 1.712629 862 1842 1948
736 0.272558 2.187771 -0.108946 2.428996 492 1590 2448
737 0.272558 -4.587276 -3.079392 1.727084 345 782 1740
738 0.272558 -6.045251 1.504866 -1.748950 1090 1244 2386
739 0.272558 3.974270 3.428354 -1.730558 291 2304 2495
740 0.272558 1.788582 -1.246819 -2.399219 631 1502 2003
741 0.272558 -1.280192 -4.464401 -1.636509 881 1264 1839
742 0.272558 -5.695956 -3.778607 1.127533 49 285 361
743 0.272558 4.502274 2.306057 -1.935747 1061 1278 2304
744 0.272558 -1.693214 -3.844265 1.852612 166 526 2488
745 0.272558 -3.790968 -0.224292 -2.263221 27 1943 2178
746 0.272558 1.018070 2.291086 -2.300265 78 687 1352
747 0.272558 2.139547 -0.315153 2.428602 492 2238 2448
748 0.272558 6.777237 0.382696 1.640800 622 2174 2252
749 0.272558 4.782268 -1.509430 -2.022847 1980 2324 2493
750 0.272558 -1.558118 -1.293791 -2.407747 1442 1926 2112
751 0.272558 0.755383 -0.331083 -2.492337 444 1783 2013
752 0.272558 1.155356 4.799927 1.466949 675 1059 1789
753 0.272558 -3.036890 -0.915637 -2.324643 435 1993 2061
754 0.272558 -7.379921 -1.164078 1.347958 223 1234 1284
755 0.272558 -3.073073 2.820148 -2.037707 59 1885 2459
756 0.272558 0.645293 0.151297 -2.496994 34 1850 2013
757 0.272558 -6.413457 -1.145217 -1.679377 36 1481 1813
758 0.272558 -5.768842 -2.872810 -1.504127 226 559 1857
759 0.272558 0.569776 -5.026958 -1.360627 805 818 1872
760 0.272558 5.873214 4.011532 0.876344 52 216 1759
761 0.272558 -7.448975 1.065819 1.332251 1212 1252 1987
762 0.272558 -8.186355 -0.640856 0.989826 119 1284 1498
763 0.272558 3.025242 2.047683 2.196733 286 1665 1918
764 0.272558 -7.370498 -1.995317 -1.169430 691 1040 1276
765 0.272558 2.758924 -2.024787 2.231442 406 447 1248
766 0.272558 3.093761 -3.179749 -1.929302 157 1787 1819
767 0.272558 -3.827487 -0.661373 2.249408 30 1427 1898
768 0.272558 -7.806958 0.471959 -1.230407 669 1524 2184
769 0.272558 -3.688414 1.293379 2.211651 186 757 999
770 0.272558 -6.506019 -1.291169 -1.628088 36 1481 1813
771 0.272558 -7.100371 3.596249 -0.279161 1103 1290 2191
772 0.272558 -5.323508 3.767481 -1.266516 63 164 1577
773 0.272558 -2.196113 -0.880718 -2.397916 753 1442 1926
774 0.272558 5.759181 1.573837 1.812651 25 997 2188
775 0.272558 -0.438355 -0.474993 -2.496368 599 1380 2013
776 0.272558 -4.101092 -2.515504 -1.967529 845 1732 1796
777 0.272558 -7.383502 3.408639 0.038828 562 1290 1741
778 0.272558 8.052158 -1.646191 -0.877995 208 1405 2261
779 0.272558 8.696892 1.430459 -0.171670 88 1965 2335
780 0.272558 1.777876 2.641346 -2.194279 988 1352 1806
781 0.272558 -3.923539 5.237670 0.493688 1617 2050 2432
782 0.272558 0.093148 5.170674 -1.260802 409 1449 1698
783 0.272558 -3.047662 0.462677 2.349964 133 938 2395
784 0.272558 -1.297017 -0.605908 2.463989 859 1855 2464
785 0.272558 5.172320 1.495483 1.952080 997 2051 2215
786 0.272558 2.496182 3.173378 2.010145 294 321 434
787 0.272558 -1.583555 5.808245 0.450353 244 254 2322
788 0.272558 -1.363278 -0.817078 -2.454823 1416 1717 1926
789 0.272558 -3.772648 3.538291 1.725049 896 1842 1962
790 0.272558 -7.675129 2.156522 0.945432 108 1154 2451
791 0.272558 3.069905 -0.165339 2.349571 273 1590 2238
792 0.272558 -5.730450 -3.949627 1.007157 89 285 928
793 0.272558 -7.803539 1.935594 -0.944918 553 1184 1974
794 0.272558 -7.839765 -2.384355 -0.717112 1276 2122 2382
795 0.272558 0.319921 -1.684647 2.398395 368 1727 1862
796 0.272558 -3.046920 -4.237658 1.561129 1033 1436 2484
797 0.272558 -5.274080 -2.955648 1.611256 277 782 2320
798 0.272558 7.316572 -2.106691 -1.149277 208 428 2233
799 0.272558 -3.668971 3.577453 -1.730866 1228 1681 1764
800 0.272558 -8.203130 -0.549815 -1.004100 932 964 2184
801 0.272558 1.811950 -5.087861 -1.224423 84 1041 1791
802 0.272558 0.541734 -0.492291 -2.494524 466 537 1783
803 0.272558 -2.942212 4.824714 -1.238086 1356 1781 2325
804 0.272558 5.305102 4.500548 -0.760910 414 972 2130
805 0.272558 -4.825798 3.355192 1.583110 506 896 1519
806 0.272558 -4.780377 3.702537 -1.459987 63 164 1764
807 0.272558 2.424209 -5.169746 1.065694 333 1111 1482
808 0.272558 2.525805 -5.526047 0.650297 496 1111 1410
809 0.272558 -5.112320 -4.726115 -0.586184 153 515 884
810 0.272558 -6.281655 3.088120 -1.253675 241 535 1645
811 0.272558 4.167440 -4.607412 -1.114118 918 1342 1511
812 0.272558 6.364999 -3.001307 1.249299 807 994 1578
813 0.272558 -6.158672 4.330988 0.249615 37 562 2400
814 0.272558 5.100838 -4.084787 1.140112 487 581 864
815 0.272558 3.963981 1.933766 -2.089947 1118 1421 2099
816 0.272558 8.029437 -2.320861 -0.575259 833 1405 1528
817 0.272558 -2.249370 -3.326664 1.980520 156 785 2488
818 0.272558 2.609171 0.253152 -2.395081 1586 1705 1821
819 0.272558 -5.226642 1.329951 -1.963882 504 668 1628
820 0.272558 5.645236 -3.517742 1.269280 487 816 1710
821 0.272558 -4.437498 -1.212252 2.117528 644 1427 1621
822 0.272558 2.214877 0.912697 2.395462 1016 1918 1986
823 0.272558 7.671928 0.131151 1.299230 565 605 1296
824 0.272558 2.538962 -2.636531 2.139637 447 1248 2314
825 0.272558 -2.919968 -2.869673 2.038300 653 1097 1600
826 0.272558 -3.000789 4.590030 -1.373768 730 2156 2325
827 0.272558 -7.290409 -3.302852 0.492443 1901 2025 2212
828 0.272558 -4.513738 5.163486 -0.187275 402 1656 2064
829 0.272558 2.216948 0.398613 2.419942 492 1590 1986
830 0.272558 -7.906075 2.818148 -0.187762 642 1290 1741
831 0.272558 3.981908 3.738149 -1.615021 1554 1953 2495
832 0.272558 6.276364 -2.168986 -1.549368 106 194 1254
833 0.272558 -5.664633 3.998839 0.984823 131 1250 2425
834 0.272558 -7.527850 0.859593 -1.329256 65 669 1524
835 0.272558 6.011799 -2.597012 1.509803 994 1168 2354
836 0.272558 -2.270667 5.373291 -0.917181 102 230 1356
837 0.272558 -0.131251 -5.966792 0.082687 1121 1133 1464
838 0.272558 4.042670 5.337983 -0.127229 531 1073 1126
839 0.272558 -6.452287 -2.684015 -1.344171 559 691 1857
840 0.272558 0.885665 -0.991252 -2.461346 466 593 1769
841 0.272558 -5.892863 1.078978 -1.838203 1244 1628 2386
842 0.272558 2.921247 5.054951 1.075889 727 952 2006
843 0.272558 0.273063 -5.515111 -0.957848 623 818 1286
844 0.272558 -8.363273 1.536533 -0.644273 274 553 2230
845 0.272558 -8.124206 -0.913288 0.982336 1019 1284 1648
846 0.272558 -3.188900 5.056660 -1.005253 929 1356 2370
847 0.272558 -7.040175 -1.692467 -1.388176 1925 2027 2262
848 0.272558 -4.583473 4.184575 -1.266071 16 63 1584
849 0.272558 -8.117396 -2.375378 0.329453 468 1346 2273
850 0.272558 -6.619233 0.219512 -1.690889 1302 1691 2210
851 0.272558 2.733550 1.908076 -2.246573 1383 1776 2099
852 0.272558 -6.355910 2.112677 1.544887 145 646 663
853 0.272558 3.356818 4.670285 -1.261072 776 1140 2240
854 0.272558 -1.293441 5.924655 -0.191243 571 1911 2277
855 0.272558 -8.448733 -1.771366 0.339360 72 468 1298
856 0.272558 5.649942 -0.045298 -1.939936 910 1204 1496
857 0.272558 -8.280047 -0.796173 0.888093 1284 1648 2326
858 0.272558 6.413474 -2.832283 1.299464 807 994 1578
859 0.272558 7.173556 0.063069 1.512437 243 622 2252
860 0.272558 4.660395 -3.125709 -1.684593 1230 1729 2129
861 0.272558 -4.490025 4.853222 -0.750117 16 670 1462
862 0.272558 1.462723 0.204210 -2.468200 300 444 1705
863 0.272558 -6.631603 1.407772 -1.590655 65 1244 1517
864 0.272558 1.278202 5.772425 0.577965 705 852 1795
865 0.272558 2.079461 -1.766269 -2.325390 461 1502 1543
866 0.272558 6.247794 3.423184 1.102324 216 1440 1446
867 0.272558 -0.736469 1.918219 -2.362569 637 971 2415
868 0.272558 1.753575 4.533537 1.563428 375 664 1059
869 0.272558 -1.609671 5.271388 -1.114373 230 409 545
870 0.272558 4.572966 2.967004 1.765773 317 2423 2467
871 0.272558 -1.431122 -3.296579 2.041654 282 785 1988
872 0.272558 0.054864 -5.845258 0.489925 432 983 1625
873 0.272558 2.376381 -1.322607 2.350736 1353 1824 2159
874 0.272558 -4.144620 4.741982 1.005755 1054 1777 2139
875 0.272558 -2.653950 -0.438425 -2.382056 753 1993 2061
876 0.272558 -2.476832 -5.114373 -1.096901 465 1115 1509
877 0.272558 -2.047711 2.396599 -2.224050 490 1129 1666
878 0.272558 5.450562 -1.831551 1.847925 1009 2205 2336
879 0.272558 -1.089870 1.258594 -2.428813 1157 1675 2415
880 0.272558 -4.564228 2.363558 1.921330 125 354 1489
881 0.272558 2.063832 -0.969144 2.403569 1260 2159 2448
882 0.272558 -3.323702 4.724428 1.237511 611 1560 2413
883 0.272558 -6.990864 -0.682291 1.552041 223 427 1758
884 0.272558 -5.728586 0.009795 1.928600 183 567 1588
885 0.272558 1.538364 -5.042516 1.300061 1376 2057 2121
886 0.272558 -4.439801 -1.357215 -2.105944 1 2247 2378
887 0.272558 2.063893 5.257980 1.066867 727 852 2367
888 0.272558 -2.227806 5.795851 0.034382 1911 2143 2322
889 0.272558 -7.964626 0.996336 -1.091485 553 1437 2184
890 0.272558 0.816876 -5.613832 -0.815605 498 623 1286
891 0.272558 3.206941 -3.719452 1.755515 252 1196 1426
892 0.272558 -6.628480 -3.153307 -1.070595 1314 2029 2122
893 0.272558 -6.446958 -0.274158 -1.739886 1300 1406 2344
894 0.272558 3.381092 5.449767 0.462158 231 2058 2478
895 0.272558 6.826067 -1.108098 1.567313 190 1076 2471
896 0.272558 0.790822 -4.339569 -1.718807 1534 1730 2163
897 0.272558 -0.900113 -5.942947 0.027073 1464 2280 2331
898 0.272558 -7.788516 -1.228091 -1.155780 1040 1361 1925
899 0.272558 -8.428006 -2.003963 -0.221635 154 1071 2382
900 0.272558 1.895881 -0.171097 -2.446854 260 444 1705
901 0.272558 6.067349 3.808547 -0.953951 414 1192 1672
902 0.272558 7.879253 -2.536799 -0.570379 833 1405 1528
903 0.272558 -7.369185 -0.468996 -1.430091 763 966 1406
904 0.272558 -8.813719 -1.185783 -0.078140 154 982 1298
905 0.272558 5.529514 3.357463 -1.398505 1450 1663 1672
906 0.272558 -6.833256 -2.976887 1.060858 285 1235 1569
907 0.272558 -5.678478 -4.427009 0.596124 928 1107 1358
908 0.272558 -3.922738 -2.268946 2.041236 636 752 1750
909 0.272558 2.447117 -5.041948 1.173175 1111 2057 2121
910 0.272558 1.403219 3.885438 -1.871949 1017 1679 2036
911 0.272558 -3.972732 2.229003 2.045521 186 1341 1858
912 0.272558 -0.654612 -4.873030 -1.450150 805 881 1074
913 0.272558 0.238866 4.632791 1.600598 83 1789 2022
914 0.272558 -7.206693 0.042791 -1.505755 1406 1524 1661
915 0.272558 1.832268 4.758373 -1.440483 44 657 2106
916 0.272558 7.700554 -2.250946 -0.881688 208 1405 1528
917 0.272558 8.499985 -1.217819 -0.630965 584 1998 2261
918 0.272558 5.094924 0.672152 -2.037556 1002 1316 1496
919 0.272558 8.473026 1.835735 0.275378 992 1006 1835
920 0.272558 5.736132 4.452540 0.463577 52 840 1834
921 0.272558 1.674240 3.091140 -2.096804 797 988 1352
922 0.272558 1.173452 -2.675465 -2.218797 0 149 1124
923 0.272558 -0.402676 5.963253 0.154877 254 1334 2087
924 0.272558 0.463233 5.674792 -0.773785 287 1698 1934
925 0.272558 1.436419 -5.880001 0.248108 407 1133 1283
926 0.272558 -4.721049 -4.225185 1.202347 89 606 1960
927 0.272558 -8.144245 2.481460 0.131155 222 642 1741
928 0.272558 3.743407 -1.515623 -2.190478 1646 2020 2173
929 0.272558 -2.293180 -2.525124 2.177628 505 643 1600
930 0.272558 6.126803 -2.672507 -1.455140 106 632 1753
931 0.272558 3.617359 -0.525854 2.278191 273 836 1626
932 0.272558 -0.925291 0.941670 -2.458858 1157 1966 2455
933 0.272558 4.222437 -3.132083 -1.767533 1504 1786 2129
934 0.272558 -3.555538 -1.572340 -2.209171 74 435 2247
935 0.272558 2.881195 0.645325 -2.358073 1135 1586 2079
936 0.272558 8.009917 0.573915 -1.111132 293 1172 1368
937 0.272558 8.926030 0.630132 -0.114537 1961 1965 2166
938 0.272558 -7.776463 -2.341141 0.757030 85 1153 1346
939 0.272558 -8.489498 -1.832928 0.201037 72 154 1298
940 0.272558 -0.287588 5.063212 1.350767 650 1263 2170
941 0.272558 -0.595093 -5.559468 -0.913248 373 1286 2308
942 0.272558 -4.116516 0.042014 2.228000 57 1653 1914
943 0.272558 8.422887 1.250290 -0.698163 293 408 1965
944 0.272558 5.017645 0.317869 2.073843 1288 1751 1981
945 0.272558 1.984667 -5.398832 -0.920096 239 1041 1571
946 0.272558 -7.943282 0.400774 -1.167686 669 1333 2184
947 0.272558 3.858684 -0.840813 2.235602 362 836 1626
948 0.272558 -3.141977 4.183917 -1.560624 1228 1584 1826
949 0.272558 -0.886518 1.147680 2.448660 570 2015 2104
950 0.272558 -3.144284 -4.875444 1.173420 292 1567 2466
951 0.272558 5.377818 1.919607 -1.838207 1061 1266 2360
952 0.272558 -2.496395 5.491207 0.748246 244 355 2432
953 0.272558 -0.920021 4.929180 1.414148 476 650 2345
954 0.272558 -5.623113 4.471682 -0.602729 670 1307 2064
955 0.272558 8.469395 -1.681066 0.465117 343 679 861
956 0.272558 -8.656101 1.509787 -0.123090 1142 2230 2363
957 0.272558 2.663634 5.441254 -0.742440 350 1523 1609
958 0.272558 2.329013 -0.471293 -2.411594 245 631 2010
959 0.272558 -2.813936 5.367462 0.814094 1777 2176 2432
960 0.272558 -5.198876 4.511565 0.780284 1054 1122 1617
961 0.272558 5.273644 4.212374 -1.016255 414 972 1183
962 0.272558 -2.712392 -5.570510 0.503198 1735 1990 2232
963 0.272558 -6.575147 -0.688674 -1.682118 36 1406 2344
964 0.272558 -7.001875 -0.056879 -1.574360 1406 1661 1691
965 0.272558 0.809298 5.311114 -1.146088 287 1449 1698
966 0.272558 -0.300723 0.576595 2.493907 533 2104 2396
967 0.272558 0.777356 -5.180198 -1.233276 623 1791 1872
968 0.272558 7.420263 -2.851558 0.751469 1303 2364 2443
969 0.272558 2.943973 5.666022 -0.066048 531 1126 1884
970 0.272558 7.788688 2.240724 -0.810640 408 1547 1733
971 0.272558 -2.081466 -5.659706 0.529383 416 1396 1990
972 0.272558 3.941239 -0.995701 2.216026 189 362 836
973 0.272558 4.251006 0.404136 2.204849 1288 1520 2140
974 0.272558 -8.766341 -1.223943 -0.196166 154 982 2186
975 0.272558 2.017345 1.314127 2.380148 1016 1918 2407
976 0.272558 7.242430 -2.097378 1.207422 617 807 2403
977 0.272558 1.407736 -5.754720 0.560805 407 432 1410
978 0.272558 1.974287 -5.666792 -0.579809 126 498 2157
979 0.272558 4.082959 5.334639 0.070652 638 802 2478
980 0.272558 8.844320 -0.695182 -0.265643 584 1998 2166
981 0.272558 -5.823797 -3.568452 1.198078 49 89 285
982 0.272558 4.719987 3.223387 -1.659930 1428 2304 2495
983 0.272558 -4.032772 4.581126 -1.163896 16 929 1584
984 0.272558 -4.644094 -2.064431 -1.965733 1 1387 1796
985 0.272558 8.767653 0.627216 0.423357 993 1593 2268
986 0.272558 -5.197624 4.890607 0.025966 37 384 1644
987 0.272558 -0.519168 -0.684590 -2.486095 1717 2013 2046
988 0.272558 -2.043249 -3.426424 1.965475 282 450 2488
989 0.272558 6.359143 -1.237668 1.698739 190 1076 1132
990 0.272558 -1.792356 -4.837760 1.404658 539 1816 1899
991 0.272558 -7.297696 -0.312839 1.460558 1448 1908 2266
992 0.272558 -1.977957 4.866439 1.358950 167 476 1123
993 0.272558 -5.002564 -3.290557 -1.569808 1363 1525 1895
994 0.272558 -6.447436 2.507491 1.408884 663 769 1451
995 0.272558 -1.889350 -0.460691 2.443347 859 913 1924
996 0.272558 -2.737682 0.918966 2.355005 999 1075 1522
997 0.272558 -6.168193 4.273260 0.403852 562 1644 2400
998 0.272558 3.830268 -1.373446 2.195934 189 2150 2248
999 0.272558 5.936367 -1.447377 1.789868 40 770 1132
