0 0.272558 0.235715 -2.764891 2.211441 94 1241 1325
1 0.272558 0.419156 -2.804955 2.200976 94 1220 1325
2 0.272558 5.444578 0.951471 1.940762 437 1064 1192
3 0.272558 5.827117 0.915772 1.856987 437 1064 1192
4 0.272558 5.630496 0.692665 1.918782 437 1192 1678
5 0.272558 -0.459957 0.555599 2.482196 187 1808 2244
6 0.272558 2.468220 3.863220 -1.775676 215 644 1645
7 0.272558 5.486400 -2.277883 -1.727080 113 234 1364
8 0.272558 -0.387716 -2.069371 -2.343424 5 1327 1709
9 0.272558 -2.727935 -1.807691 -2.255286 199 1326 2022
10 0.272558 -3.380751 -2.852381 1.986211 1072 1404 2329
11 0.272558 -0.346356 0.948298 2.461920 89 187 2244
12 0.272558 3.397314 2.174961 2.123021 602 1121 2362
13 0.272558 -0.317900 -0.491785 2.485868 157 1460 1982
14 0.272558 5.621960 -2.750823 -1.572588 234 1364 2469
15 0.272558 -6.786926 0.842030 -1.588040 1306 1463 2140
16 0.272558 -7.061221 1.222729 -1.449782 535 1306 2140
17 0.272558 -2.038595 1.598604 2.331491 772 1578 1772
18 0.272558 -1.523888 -4.605459 1.542332 355 560 1146
19 0.272558 5.281760 2.918167 1.607961 750 917 2393
20 0.272558 -3.933620 -2.485677 -1.986926 288 568 2022
21 0.272558 2.913075 -1.780692 -2.245324 289 843 2205
22 0.272558 -1.663942 1.354420 -2.391326 290 1344 1822
23 0.272558 0.002467 2.298911 2.304961 292 796 1623
24 0.272558 0.047943 -3.412145 2.049035 94 1325 1944
25 0.272558 -0.211217 -0.834513 2.473375 157 1002 1982
26 0.272558 6.971626 3.636760 -0.326773 72 442 1745
27 0.272558 -6.242788 0.779293 -1.763919 535 1306 2443
28 0.272558 -4.705128 2.564446 1.839548 870 1130 1877
29 0.272558 5.799228 -2.030832 -1.705938 113 2181 2469
30 0.272558 -5.398581 4.761012 -0.062544 577 2428 2498
31 0.272558 -3.144691 0.562406 -2.331033 332 2436 2445
32 0.272558 3.664648 1.980299 2.120342 694 1121 2362
33 0.272558 -3.369833 -3.225109 1.884939 719 1072 1497
34 0.272558 -2.938956 1.405096 -2.289598 290 332 1313
35 0.272558 -0.471717 -3.816181 1.924140 1944 1965 2063
36 0.272558 -5.833632 1.411067 -1.805606 741 1306 2443
37 0.272558 5.842560 2.183055 1.667836 903 1173 1991
38 0.272558 -3.192165 4.141416 1.564586 1533 1835 1844
39 0.272558 1.757788 -3.564317 -1.948284 140 546 990
40 0.272558 -1.233547 -1.918764 2.341121 157 1053 1507
41 0.272558 1.499300 -1.632847 -2.366240 254 836 1553
42 0.272558 -7.176197 0.792966 -1.450659 535 1306 2140
43 0.272558 -1.738763 1.984242 2.302708 292 1578 1772
44 0.272558 -6.141842 -1.221821 1.747472 174 668 1595
45 0.272558 -1.971198 3.980115 -1.782041 44 339 1577
46 0.272558 5.655850 2.043365 1.743833 903 917 1173
47 0.272558 0.666688 1.470623 -2.417235 71 1855 2077
48 0.272558 -0.649948 0.226025 2.491271 89 187 1982
49 0.272558 -3.319673 -3.422617 1.834536 1072 1497 1515
50 0.272558 1.366755 2.928085 2.145424 905 1191 1465
51 0.272558 4.760653 -0.621886 2.101105 98 131 2014
52 0.272558 -0.927682 2.364140 -2.288862 259 1344 2387
53 0.272558 -1.674983 1.640136 -2.360562 76 290 1344
54 0.272558 -2.358569 1.242579 2.355140 772 1337 1977
55 0.272558 -1.332709 -0.732455 2.453965 157 886 1982
56 0.272558 0.497459 -1.443142 -2.422620 1538 1553 1709
57 0.272558 -3.142870 3.948356 1.656400 495 1533 1835
58 0.272558 4.749459 2.842713 -1.760996 1421 1956 2066
59 0.272558 -2.203621 1.924782 2.281160 865 1337 1578
60 0.272558 1.756960 -3.200234 -2.058015 140 546 990
61 0.272558 -3.499984 -5.085495 -0.872060 588 871 1608
62 0.272558 4.112284 2.082801 2.040276 1453 2362 2393
63 0.272558 -4.678695 -0.515902 -2.124027 77 265 2476
64 0.272558 -0.439545 2.930124 -2.176400 1490 1500 1653
65 0.272558 -0.655430 -5.959345 0.042565 579 765 818
66 0.272558 -0.203111 5.404275 1.073605 106 855 2455
67 0.272558 5.101106 2.677596 1.725102 917 1173 2439
68 0.272558 -2.260110 4.448779 1.535644 620 1533 1844
69 0.272558 -0.882809 -3.640547 1.973862 1414 2054 2063
70 0.272558 5.123753 -3.818100 -1.284775 230 1891 2191
71 0.272558 -3.131428 -4.996344 -1.050747 173 326 1608
72 0.272558 3.850642 0.591293 -2.239521 685 1427 2232
73 0.272558 3.005718 -1.605250 -2.260704 289 836 2205
74 0.272558 -0.230187 1.950171 2.360351 292 301 823
75 0.272558 -0.732536 -0.965149 -2.451486 1034 1709 2252
76 0.272558 0.851132 5.343792 1.097357 106 1473 2455
77 0.272558 -3.506531 -4.953452 -0.995720 326 588 1608
78 0.272558 5.042213 1.027872 2.022908 1064 1192 1379
79 0.272558 -1.683566 0.144329 -2.457521 118 907 2037
80 0.272558 1.000947 0.051969 -2.484460 369 946 1314
81 0.272558 -0.656831 2.071071 -2.342742 259 844 1855
82 0.272558 -6.102694 -4.360278 -0.107881 1468 1945 2117
83 0.272558 2.607599 -3.719390 -1.816667 1091 1138 1475
84 0.272558 5.428839 -2.073466 -1.786107 113 543 1364
85 0.272558 1.456464 0.147180 2.465342 439 1685 2188
86 0.272558 5.389436 3.172523 1.496848 782 917 2439
87 0.272558 -2.979389 -0.592636 2.347694 170 180 1641
88 0.272558 6.220149 1.779253 -1.637744 1036 1350 1829
89 0.272558 -5.056879 4.297080 1.016089 1112 1454 2050
90 0.272558 3.431155 4.619362 1.276010 350 1682 2172
91 0.272558 0.039021 0.734381 -2.483064 904 995 2077
92 0.272558 2.449174 1.451627 -2.322506 71 505 1399
93 0.272558 5.801213 3.998435 -0.919497 2281 2309 2348
94 0.272558 6.482536 4.109379 0.037778 442 527 1745
95 0.272558 -2.551842 3.200080 1.990783 478 1000 1533
96 0.272558 7.027137 -1.408802 -1.435456 1721 2181 2365
97 0.272558 -6.846892 -0.269725 -1.616306 499 507 1080
98 0.272558 0.927151 1.740786 -2.378562 71 255 1855
99 0.272558 -6.177536 2.999605 -1.308622 164 742 2274
100 0.272558 1.878777 0.712778 2.424904 439 1550 2272
101 0.272558 -0.661414 -1.913235 -2.360277 5 1140 1709
102 0.272558 -3.874565 -2.726553 -1.940403 59 288 2022
103 0.272558 1.288443 -1.969846 -2.332316 802 836 1054
104 0.272558 0.010160 0.868092 2.469791 89 187 1332
105 0.272558 -2.813247 1.720128 -2.261745 332 1206 1313
106 0.272558 -3.148026 -1.611237 -2.239268 655 984 2022
107 0.272558 1.540569 -2.275127 -2.271877 83 836 1553
108 0.272558 -5.936691 1.021201 -1.826191 958 1306 1463
109 0.272558 -0.211142 -3.288634 -2.091206 603 1087 2301
110 0.272558 -5.780705 3.223750 -1.352305 164 755 2274
111 0.272558 0.163875 1.980466 2.356022 292 301 2379
112 0.272558 -5.463527 2.419199 -1.704608 110 589 1381
113 0.272558 -3.253117 1.521622 -2.243796 290 332 1313
114 0.272558 0.302663 -1.225728 -2.442729 430 1054 1709
115 0.272558 -6.977588 1.628254 -1.419293 742 1306 2140
116 0.272558 5.464657 2.270093 1.741120 903 917 2393
117 0.272558 -3.527558 0.559072 -2.286939 332 2436 2445
118 0.272558 -4.581406 2.254167 1.935784 413 870 879
119 0.272558 -5.797968 2.535578 -1.590304 589 741 742
120 0.272558 4.404490 0.440658 2.172020 131 1064 1687
121 0.272558 -8.420055 0.397757 0.835537 1335 1444 2156
122 0.272558 -5.953013 -1.003298 1.821386 174 668 1595
123 0.272558 -2.595428 4.320954 1.563265 495 1533 2021
124 0.272558 -0.324494 0.828946 -2.476034 904 995 2077
125 0.272558 0.789111 3.226358 -2.090376 1653 1666 1847
126 0.272558 7.822636 -0.981209 -1.134783 1721 2049 2298
127 0.272558 -2.862564 3.004766 -2.013437 44 223 599
128 0.272558 7.339660 2.667959 0.895015 203 2437 2454
129 0.272558 -6.980365 2.552689 -1.154229 742 1162 1926
130 0.272558 0.369623 1.304955 -2.439185 71 995 1855
131 0.272558 -2.340508 -0.752248 -2.394886 118 895 2252
132 0.272558 -1.331686 -4.108296 -1.785248 1692 1959 2368
133 0.272558 0.494373 0.813888 2.472714 187 439 2244
134 0.272558 5.444767 2.290143 -1.739057 1829 2066 2315
135 0.272558 -2.663761 2.803757 -2.082194 44 599 952
136 0.272558 7.755823 -0.663014 -1.212124 305 861 2298
137 0.272558 0.009091 -3.008447 -2.166309 603 1327 2471
138 0.272558 5.780694 2.949877 1.463508 750 917 2439
139 0.272558 3.663700 3.131392 1.873498 104 912 1509
140 0.272558 3.934226 0.329806 2.242323 131 1113 1379
141 0.272558 -3.601435 1.861243 2.157338 865 879 2074
142 0.272558 -1.407898 1.932057 2.329594 292 1337 1578
143 0.272558 2.868787 0.339904 -2.363017 685 725 2232
144 0.272558 -2.540327 -4.283944 1.595697 388 1146 1515
145 0.272558 0.999855 4.555317 1.598208 630 1572 1917
146 0.272558 3.285076 -3.689317 1.744734 463 1431 2377
147 0.272558 -3.853139 -1.446052 2.179698 660 1908 2294
148 0.272558 1.941859 2.011208 2.289120 241 540 1121
149 0.272558 -5.621833 -0.449575 1.937780 174 581 964
150 0.272558 3.751496 3.792625 -1.620826 1171 1645 2242
151 0.272558 3.520723 3.320896 1.837702 104 912 1509
152 0.272558 4.227025 3.901932 1.484050 782 912 1682
153 0.272558 1.577758 -4.075522 1.781907 341 1273 1762
154 0.272558 -6.592083 0.427962 1.688830 514 1505 1543
155 0.272558 -0.406814 -3.456654 -2.043060 603 2301 2471
156 0.272558 -6.242437 3.247305 -1.169523 110 682 2274
157 0.272558 2.215526 1.226603 -2.364259 71 457 505
158 0.272558 3.394263 -2.407974 2.087100 552 570 2367
159 0.272558 -4.662995 2.461190 -1.878471 529 589 1381
160 0.272558 -1.403811 3.355166 2.034674 147 478 2424
161 0.272558 -3.990439 -1.753199 2.121903 1404 1825 2294
162 0.272558 -6.242102 -1.325783 -1.712942 601 803 1695
163 0.272558 -6.915769 2.298996 1.269660 651 656 2145
164 0.272558 -3.119655 4.744914 -1.256105 1006 1581 2334
165 0.272558 -1.642022 -1.386717 2.393317 157 454 1189
166 0.272558 -4.013714 0.598694 -2.224835 332 1201 2445
167 0.272558 -7.080643 0.032015 -1.528083 499 1080 1211
168 0.272558 4.522376 3.699708 1.507950 912 1682 2439
169 0.272558 2.713247 -2.799164 -2.080017 83 140 794
170 0.272558 -3.400754 0.537544 2.306665 791 1977 2218
171 0.272558 -0.226069 3.320615 2.082498 971 1623 2478
172 0.272558 4.505153 2.265221 1.943146 694 1453 2393
173 0.272558 -0.120322 -3.962654 1.877351 1177 1944 1965
174 0.272558 2.875243 2.892001 -2.042503 418 1604 2109
175 0.272558 -2.338809 2.149490 2.235617 865 1578 1772
176 0.272558 5.585286 -2.950714 -1.527029 862 1364 2191
177 0.272558 6.764729 3.909241 0.062796 442 527 1745
178 0.272558 0.168623 -2.752372 -2.224766 603 1087 2046
179 0.272558 -7.499456 -1.611899 -1.204357 111 1897 1958
180 0.272558 5.376675 -4.229286 0.937099 883 2402 2408
181 0.272558 8.232508 -2.119690 -0.399019 647 1288 2044
182 0.272558 -1.786147 -3.997604 -1.798399 1692 2368 2431
183 0.272558 5.843378 4.114059 -0.799821 25 2281 2309
184 0.272558 3.881217 -0.968589 -2.217252 390 1458 1816
185 0.272558 -8.334338 -1.343199 -0.707492 242 1571 1697
186 0.272558 -0.546076 -2.451878 -2.278718 5 603 1140
187 0.272558 1.635937 -3.900532 1.846716 341 1273 1762
188 0.272558 -1.309080 2.198425 2.295269 292 1337 1578
189 0.272558 -3.697675 -4.365625 -1.367306 588 821 860
190 0.272558 -0.905548 -3.834570 1.910022 381 1965 2054
191 0.272558 4.346303 -0.028210 -2.179731 689 1427 2263
192 0.272558 1.746007 -2.916324 -2.137120 140 546 802
193 0.272558 -5.799620 4.029628 -0.886721 1656 2274 2494
194 0.272558 0.972758 -0.952317 -2.452395 946 959 1054
195 0.272558 -6.477733 1.927031 -1.540070 741 742 1306
196 0.272558 -7.932210 -2.497209 -0.492937 242 408 759
197 0.272558 4.245587 -4.847356 -0.856009 230 1161 1394
198 0.272558 -1.367991 -4.848269 1.417233 560 1146 1887
199 0.272558 -0.408169 -1.719974 2.391883 157 975 1387
200 0.272558 7.214187 3.384510 -0.429513 72 442 737
201 0.272558 -2.993057 5.522013 -0.452792 21 598 1689
202 0.272558 7.406720 3.250831 -0.343092 442 549 737
203 0.272558 2.213925 -5.718885 0.369736 249 1165 1763
204 0.272558 -3.256056 5.523702 -0.325071 597 598 2498
205 0.272558 -1.026229 -5.923455 0.100687 579 765 818
206 0.272558 3.957493 5.165654 0.601384 753 1260 1485
207 0.272558 -6.215264 4.136857 -0.501305 1656 2215 2494
208 0.272558 -1.605157 5.599940 0.754066 855 1552 2113
209 0.272558 -5.582194 -4.587131 0.382629 1202 1519 2152
210 0.272558 2.515740 5.551328 0.613602 707 753 1799
211 0.272558 -1.533142 5.059040 -1.271078 1581 2108 2380
212 0.272558 -6.183371 -4.280951 -0.288284 1468 1945 2117
213 0.272558 -4.997494 4.941248 -0.217502 2215 2428 2498
214 0.272558 -2.230774 5.787621 -0.106523 597 598 1861
215 0.272558 4.643467 5.099468 0.133741 53 617 1371
216 0.272558 -5.408960 -4.738912 0.238457 1468 1519 2152
217 0.272558 -0.381848 -5.602733 -0.873809 1085 1255 1511
218 0.272558 -0.740122 -5.464019 -0.989857 424 945 1511
219 0.272558 7.091544 -3.556895 0.309452 153 1732 1932
220 0.272558 6.780979 -3.756213 0.409431 45 153 2389
221 0.272558 -4.761214 5.062734 -0.085077 2215 2428 2498
222 0.272558 5.973609 -3.915180 -0.890451 230 1669 1891
223 0.272558 8.404427 -1.897028 0.316710 703 795 943
224 0.272558 1.792684 -5.598302 0.722158 1549 1763 1989
225 0.272558 8.364539 -2.002315 -0.236400 522 647 2044
226 0.272558 -6.552448 -3.639115 -0.788511 368 1063 2417
227 0.272558 0.933467 -5.878762 -0.412259 1255 1412 1803
228 0.272558 3.646506 4.000483 -1.552553 928 1171 2242
229 0.272558 1.307374 5.551727 0.853563 106 707 1901
230 0.272558 -1.550237 5.255596 -1.126403 1581 2108 2380
231 0.272558 2.759843 5.681326 0.052626 396 753 2111
232 0.272558 1.512537 -5.303377 1.069896 1242 1274 1319
233 0.272558 1.577002 -5.850675 0.295217 1165 1541 2003
234 0.272558 2.091952 4.855381 -1.344663 419 1874 2231
235 0.272558 -5.230913 -4.797223 0.336863 1202 1519 2152
236 0.272558 2.065753 -5.631073 -0.593908 97 1336 2255
237 0.272558 4.086367 4.593358 -1.135961 1758 1846 2281
238 0.272558 -6.025760 -3.995969 0.802367 815 1845 2303
239 0.272558 -3.232934 5.360445 -0.642316 21 597 1689
240 0.272558 4.187512 4.948911 -0.790769 70 1758 2281
241 0.272558 8.736278 0.208842 0.554551 48 1320 2102
242 0.272558 2.626799 -5.006476 1.152257 155 1242 1989
243 0.272558 -0.522170 5.932694 -0.286924 987 1594 1983
244 0.272558 6.975384 2.450240 -1.196420 244 808 2352
245 0.272558 -7.440042 -2.924045 0.673421 1099 1670 1941
246 0.272558 8.431550 -1.810424 -0.309282 647 1288 2044
247 0.272558 8.000854 2.254030 0.604284 724 1361 2437
248 0.272558 -3.785793 -5.010707 0.866311 310 317 2176
249 0.272558 -3.755158 -5.374015 -0.350775 871 1338 2299
250 0.272558 2.595878 -5.681630 -0.291413 1165 1292 1336
251 0.272558 -3.723252 4.842886 1.043163 231 253 2279
252 0.272558 -8.168308 -2.091470 -0.519424 242 756 759
253 0.272558 8.363156 -0.115262 -0.884632 646 711 861
254 0.272558 -7.812307 2.895030 0.205055 481 1639 1868
255 0.272558 6.527491 -4.026174 -0.289005 557 1249 1669
256 0.272558 4.879979 -4.992398 0.124276 1218 1793 2106
257 0.272558 7.495821 2.644127 0.796713 203 2437 2454
258 0.272558 7.940083 2.524583 0.480348 724 1724 2437
259 0.272558 -4.911442 4.121418 1.191566 231 1424 1454
260 0.272558 -4.374592 4.362149 -1.193100 580 849 1838
261 0.272558 -6.916584 -3.395317 -0.738425 368 1063 2417
262 0.272558 1.101245 5.530351 -0.914313 766 1098 1452
263 0.272558 -2.282545 -5.205892 -1.030449 173 1510 1608
264 0.272558 4.695074 5.048285 0.274704 617 1371 1810
265 0.272558 3.993034 -5.142200 -0.613827 362 1161 1336
266 0.272558 -4.386267 -3.427459 1.649320 1072 1497 1913
267 0.272558 8.475212 1.349086 0.611755 1361 1513 2102
268 0.272558 -2.880288 -3.960038 1.697875 355 1497 1515
269 0.272558 6.261219 3.217776 1.189735 1425 1849 2454
270 0.272558 -7.861538 -1.696275 0.962824 787 1558 1565
271 0.272558 -7.958495 -2.628957 -0.335489 756 759 2487
272 0.272558 -7.555625 2.674127 0.750510 656 1131 1639
273 0.272558 7.840957 -2.014587 -0.878151 555 2047 2049
274 0.272558 6.648982 3.821559 0.511529 527 977 2212
275 0.272558 -3.736962 5.431984 -0.164053 411 598 1689
276 0.272558 -1.550292 4.798884 -1.437199 1577 1581 2108
277 0.272558 5.099465 4.639709 -0.701355 70 1250 2281
278 0.272558 8.750008 -0.033781 -0.555027 646 711 831
279 0.272558 6.308283 3.707841 0.874092 955 1770 2454
280 0.272558 -5.791460 -2.819788 -1.512682 1084 1286 1791
281 0.272558 -1.529004 5.849919 -0.346752 597 1861 1983
282 0.272558 -3.209021 5.433720 0.548468 253 569 2113
283 0.272558 2.258653 -4.386151 -1.580313 1091 1138 1619
284 0.272558 5.652727 -4.276012 -0.732025 230 1669 2029
285 0.272558 -4.135566 -5.311609 0.114511 551 1202 2293
286 0.272558 -4.668253 -4.761459 -0.785411 1155 1369 2250
287 0.272558 -0.414646 -5.978649 -0.140527 579 765 1478
288 0.272558 -1.128665 -5.337180 1.093674 107 900 1238
289 0.272558 -6.750666 -3.910467 0.199777 470 2117 2303
290 0.272558 4.092670 -2.939141 -1.853546 1197 1521 2422
291 0.272558 -8.742565 -1.241322 -0.175745 759 993 1258
292 0.272558 4.304984 -4.300574 -1.262185 230 1531 1627
293 0.272558 -7.722254 2.310222 -0.844122 1162 1280 1926
294 0.272558 4.748722 3.093692 -1.691671 611 878 2066
295 0.272558 -8.323150 -1.744699 0.555659 480 675 1565
296 0.272558 2.306774 4.639608 -1.447063 215 1523 1874
297 0.272558 3.129554 4.932090 -1.121048 1593 1758 1846
298 0.272558 6.468488 -3.333771 -1.035019 1341 1891 2467
299 0.272558 -4.090137 -3.960332 1.491933 708 1497 1913
300 0.272558 3.222538 -3.544321 1.804904 463 2295 2377
301 0.272558 -0.281540 -5.483177 -0.996725 424 1354 1511
302 0.272558 -1.698146 -4.443508 1.611181 355 1146 1887
303 0.272558 1.791345 -1.900126 2.322249 1895 2157 2326
304 0.272558 -0.346372 -0.174310 2.497859 187 1460 1808
305 0.272558 -8.526817 0.232458 0.754734 1335 1444 2156
306 0.272558 1.265600 -2.230272 -2.295097 802 836 1553
307 0.272558 -6.068399 1.826147 -1.678135 742 958 1306
308 0.272558 1.419011 3.252337 2.060855 1191 1465 2277
309 0.272558 -1.335147 2.795844 2.180590 147 478 1578
310 0.272558 0.033391 -0.221997 2.500641 187 1460 1982
311 0.272558 6.077220 1.532340 -1.719766 1036 1350 1829
312 0.272558 -0.049391 3.811245 -1.922873 99 1847 1883
313 0.272558 2.094243 4.927811 1.293838 547 1572 1901
314 0.272558 6.216076 2.944722 -1.318893 950 1829 2352
315 0.272558 -3.808268 -1.158177 2.215446 256 1825 2294
316 0.272558 -3.357308 4.089152 1.563066 495 1533 1835
317 0.272558 -2.661249 0.978442 2.353262 772 1772 1977
318 0.272558 5.494582 -3.295804 -1.417343 862 1891 2191
319 0.272558 8.051392 0.021600 1.102385 513 1329 1777
320 0.272558 3.747564 -1.273103 -2.208750 289 390 1816
321 0.272558 -0.374181 -0.073724 -2.496293 904 907 1237
322 0.272558 0.994973 -2.845022 2.185657 94 1241 2234
323 0.272558 -1.716267 -2.629473 -2.196257 5 1118 2089
324 0.272558 -7.384927 0.351044 -1.405374 535 1080 2140
325 0.272558 2.724463 -4.676449 -1.362370 1138 1627 1711
326 0.272558 -1.950733 4.215859 -1.686819 339 973 1577
327 0.272558 0.511748 -1.593440 2.406852 526 1387 2326
328 0.272558 3.314876 -3.901930 -1.652329 751 1138 1475
329 0.272558 2.338910 -0.593858 -2.401098 510 1200 1816
330 0.272558 -3.676855 2.510673 -2.032061 952 1313 2093
331 0.272558 -2.369889 3.421524 1.944293 478 1000 1533
332 0.272558 -2.819720 -1.543292 -2.282703 199 984 2022
333 0.272558 -3.230128 0.428653 2.328959 1598 1977 2218
334 0.272558 2.199739 5.139464 1.123518 1799 1901 2172
335 0.272558 3.018273 -4.575093 -1.377966 1138 1627 1711
336 0.272558 -2.990400 -0.842871 2.334501 180 1641 2466
337 0.272558 -2.769848 0.658009 -2.366709 332 2037 2436
338 0.272558 -0.643196 0.158920 -2.493591 889 907 2392
339 0.272558 4.909777 2.848059 1.723200 917 2393 2439
340 0.272558 5.851062 0.251307 1.895368 437 593 1064
341 0.272558 2.450298 -0.359001 -2.400788 872 1816 2452
342 0.272558 0.823271 -0.782372 2.469864 508 854 1460
343 0.272558 -6.676377 -0.569521 -1.660269 499 1080 1948
344 0.272558 -1.386718 1.019651 2.430514 89 584 772
345 0.272558 4.578744 3.994590 -1.355098 638 1171 2242
346 0.272558 -6.046060 0.750442 -1.822560 1108 1306 2443
347 0.272558 0.040129 -1.106591 2.459029 157 1002 1460
348 0.272558 -6.567496 2.342586 1.395647 132 651 2145
349 0.272558 2.109358 -2.994443 -2.089769 83 546 1872
350 0.272558 -3.737417 1.624231 2.171644 865 879 2074
351 0.272558 2.028171 -2.147143 2.271582 1895 1927 2157
352 0.272558 -5.694009 -3.366544 -1.341754 1239 1899 1987
353 0.272558 -2.719632 -2.111957 2.218624 719 824 2294
354 0.272558 6.202434 -1.795742 -1.653635 113 434 1364
355 0.272558 1.712882 0.628014 2.439871 439 1550 2272
356 0.272558 -6.241577 0.349312 1.788717 514 949 1543
357 0.272558 3.733969 4.413007 1.329625 350 1682 2333
358 0.272558 0.617454 0.444437 2.487598 187 439 1332
359 0.272558 2.960130 -4.353618 1.512224 1762 1813 2207
360 0.272558 -0.970405 2.602879 -2.243047 259 844 1500
361 0.272558 -2.569040 3.415376 1.927305 478 1000 1533
362 0.272558 -2.411556 -2.789703 2.113099 824 1606 2329
363 0.272558 3.927222 0.965890 -2.209261 1427 1867 2232
364 0.272558 5.434346 -1.229810 -1.922959 113 431 888
365 0.272558 -3.012086 -3.725216 1.769350 388 1497 2329
366 0.272558 6.887189 -2.783348 -1.106934 184 2146 2467
367 0.272558 -5.559176 -0.132555 1.960325 174 581 1119
368 0.272558 1.882358 2.329384 -2.244099 407 2109 2460
369 0.272558 3.444415 1.633931 -2.204212 505 1399 2175
370 0.272558 -3.467868 3.542559 1.771559 351 1000 1835
371 0.272558 3.321227 4.274692 -1.486480 419 1171 2413
372 0.272558 -1.745997 1.951822 -2.318946 290 1206 1344
373 0.272558 1.351627 4.124746 1.778353 42 1433 1935
374 0.272558 5.727790 -0.264332 1.923909 593 1678 1796
375 0.272558 3.132622 -2.080398 -2.178129 289 794 836
376 0.272558 -5.336323 2.074018 -1.816164 589 741 958
377 0.272558 0.628456 3.722922 -1.942535 1411 1666 1847
378 0.272558 -5.078413 -1.728260 1.934952 668 1416 1631
379 0.272558 2.699105 -2.307294 -2.182520 83 794 836
380 0.272558 0.841052 -4.661731 1.556531 341 746 1690
381 0.272558 1.271391 -3.981508 1.841357 341 1273 1762
382 0.272558 2.756794 0.618051 -2.364216 725 2232 2452
383 0.272558 7.669090 1.130702 1.213005 1052 1777 2058
384 0.272558 -2.361436 -1.071834 -2.372253 895 984 2252
385 0.272558 2.451770 -0.874876 -2.378519 872 1816 2205
386 0.272558 -4.922278 -3.432155 -1.526533 1625 1704 1791
387 0.272558 -1.031624 2.495002 -2.263029 259 844 2387
388 0.272558 -1.240036 -1.411450 -2.404937 1132 1709 2252
389 0.272558 4.867586 -1.693566 -1.980231 113 543 888
390 0.272558 -5.279774 -1.345429 -1.944381 601 681 851
391 0.272558 5.414606 3.848369 -1.188203 638 2281 2348
392 0.272558 1.322462 -5.125716 1.240932 1242 1690 1989
393 0.272558 -2.461222 -4.432639 -1.543118 123 1781 2361
394 0.272558 3.714956 -2.873022 -1.935251 969 1197 2422
395 0.272558 -5.136311 0.495239 -2.044262 3 1201 2147
396 0.272558 -4.512569 1.327012 2.088727 879 941 1662
397 0.272558 -6.731202 -3.632686 -0.671909 368 1063 2417
398 0.272558 -4.459166 0.537647 2.164275 791 1662 2124
399 0.272558 -1.360041 3.421425 -2.023919 168 973 1490
400 0.272558 -1.615900 -5.750332 -0.491378 1338 1478 1511
401 0.272558 -3.330814 -5.497059 0.285414 551 2293 2412
402 0.272558 8.238356 1.264628 -0.827357 124 2194 2438
403 0.272558 1.834548 5.676937 -0.611204 1452 1973 2091
404 0.272558 5.979991 -4.027538 -0.784991 230 799 2165
405 0.272558 -5.203316 4.806126 0.321915 577 2160 2428
406 0.272558 3.626921 -5.327891 -0.509274 362 1292 1394
407 0.272558 -2.820898 -5.660965 -0.127037 551 1338 2412
408 0.272558 -4.048267 5.020662 0.771816 231 253 2187
409 0.272558 -6.195603 2.171328 -1.566578 110 741 1306
410 0.272558 8.059690 1.706779 -0.832681 124 2194 2438
411 0.272558 2.363406 5.730347 0.228267 707 753 781
412 0.272558 -4.163776 5.054695 -0.640739 706 849 1689
413 0.272558 -3.586664 -1.473941 -2.207817 199 240 2022
414 0.272558 -0.424110 5.571406 0.915736 106 1552 1618
415 0.272558 -6.481603 4.056999 -0.321035 577 2215 2494
416 0.272558 -4.304903 -3.680062 1.565735 372 1352 1497
417 0.272558 2.552175 -5.645271 0.406328 249 1165 2003
418 0.272558 -1.162662 -5.167132 1.221630 560 900 1238
419 0.272558 -0.070745 5.909627 0.409560 884 1186 1552
420 0.272558 -6.718670 -3.534944 0.733241 1845 1941 2303
421 0.272558 -5.020298 -3.106950 -1.617516 1286 1625 1791
422 0.272558 -5.553058 -0.804544 1.933787 174 581 668
423 0.272558 -4.083238 5.109010 0.653120 253 771 2187
424 0.272558 4.079715 4.451641 1.230480 350 1632 1930
425 0.272558 1.236942 -4.955326 1.361775 1242 1274 1690
426 0.272558 -1.026693 -4.737108 -1.501710 123 1959 2383
427 0.272558 4.350279 -4.649836 -1.000793 230 1161 1627
428 0.272558 7.190135 -3.193893 0.650395 153 1675 1932
429 0.272558 -3.639918 5.470022 0.009300 569 598 2498
430 0.272558 3.438132 -4.982789 -1.010912 1394 1627 1994
431 0.272558 3.830380 4.090982 1.482702 912 1632 1682
432 0.272558 -0.642706 4.825447 -1.473755 272 324 1577
433 0.272558 0.127164 5.909550 -0.375249 987 1041 1324
434 0.272558 3.992239 -0.060859 -2.232569 685 689 1427
435 0.272558 6.032855 3.882551 0.886477 955 1770 2454
436 0.272558 0.072099 -5.360912 -1.123170 424 1085 1354
437 0.272558 -2.938276 -4.661683 1.334664 317 388 1146
438 0.272558 -3.864328 -5.297739 -0.455042 471 871 1338
439 0.272558 3.090209 -5.566731 0.278611 249 985 1165
440 0.272558 -5.067291 4.473056 0.876422 231 1454 2050
441 0.272558 4.265436 4.719863 0.982945 350 1260 1930
442 0.272558 -1.544499 5.847545 0.347422 961 1069 2113
443 0.272558 -2.639894 -5.245800 0.957689 310 317 900
444 0.272558 -6.158942 3.714017 -0.943700 252 2274 2494
445 0.272558 -6.211613 3.156386 1.235802 1454 1786 2292
446 0.272558 -5.348936 -1.616698 -1.889718 352 601 851
447 0.272558 3.033602 4.668751 1.328502 350 1142 1632
448 0.272558 -6.110250 4.297724 0.331799 562 577 2160
449 0.272558 -0.180284 -5.883299 0.451594 765 1129 2488
450 0.272558 2.008188 5.320836 1.003419 547 1473 1901
451 0.272558 -4.371499 -4.089212 1.368178 105 372 1913
452 0.272558 4.984369 -4.956300 -0.056963 119 362 1218
453 0.272558 5.787965 4.399319 0.490776 527 1208 1770
454 0.272558 -1.759279 -5.831098 -0.312097 579 1338 1478
455 0.272558 0.364816 5.848724 -0.542041 1041 1324 1452
456 0.272558 2.887625 -4.687519 1.334390 155 665 1242
457 0.272558 0.841239 -5.927613 -0.319934 1255 1803 1870
458 0.272558 -8.074295 -2.572393 0.215183 675 752 2056
459 0.272558 -0.331082 -5.910386 0.346349 765 818 2488
460 0.272558 0.748796 -5.867321 0.472954 765 1319 2488
461 0.272558 -3.927607 -3.718155 -1.628210 59 780 860
462 0.272558 -7.137398 2.791833 -0.971310 164 1178 1926
463 0.272558 -1.393678 -5.718088 0.592988 818 947 2351
464 0.272558 -6.453274 3.433898 -0.977704 164 2274 2494
465 0.272558 6.043609 4.150368 -0.655328 25 1250 2309
466 0.272558 6.280139 -4.068998 0.525690 45 828 2389
467 0.272558 -7.656701 2.069259 -0.985222 1017 1162 2388
468 0.272558 -1.836866 4.040290 1.770966 1533 1590 2021
469 0.272558 6.324963 2.931767 1.286614 750 917 2454
470 0.272558 1.651806 -1.733886 2.354113 600 2157 2326
471 0.272558 4.039899 -5.312666 -0.174798 119 362 1292
472 0.272558 1.669369 5.848731 0.233569 291 707 1186
473 0.272558 -6.531703 -1.929701 -1.521291 803 1695 1897
474 0.272558 3.683661 5.448107 0.016428 396 753 910
475 0.272558 -4.463100 3.811643 -1.465131 755 1213 2090
476 0.272558 1.417840 -2.011864 2.327244 1220 1927 2326
477 0.272558 4.499545 3.736088 -1.504155 638 1171 2242
478 0.272558 2.576346 -5.723010 -0.125855 97 1292 1634
479 0.272558 -6.863113 -3.760282 0.349610 1941 2152 2303
480 0.272558 -1.150841 -1.702209 -2.376433 5 73 1709
481 0.272558 -4.942778 4.377696 -1.007487 580 849 1106
482 0.272558 -2.738547 -5.686570 0.027272 191 551 2412
483 0.272558 -0.931221 -5.464135 1.003521 631 900 1238
484 0.272558 -6.500939 -2.259674 -1.448419 1584 1695 1897
485 0.272558 -0.168042 4.101114 -1.822819 99 1151 1883
486 0.272558 4.472218 3.378996 1.648789 104 782 912
487 0.272558 4.143627 5.013721 0.739831 183 617 1485
488 0.272558 -7.183453 -2.700338 0.995774 1099 1596 1670
489 0.272558 -0.659392 4.639307 -1.579681 272 1577 2108
490 0.272558 -4.210746 5.165886 -0.464143 68 706 2498
491 0.272558 -6.187867 2.373104 1.517878 651 2145 2472
492 0.272558 0.583245 3.425133 2.048473 1465 1623 2478
493 0.272558 -7.519266 1.713932 1.162166 196 1150 1330
494 0.272558 -3.298644 -5.413303 0.513221 310 2293 2412
495 0.272558 -0.408960 3.557772 2.014142 36 971 2478
496 0.272558 -2.376789 -2.410704 2.196057 719 1606 1974
497 0.272558 6.149383 -4.316933 0.231215 45 1218 2389
498 0.272558 -3.246529 -3.933568 1.654572 388 1497 1515
499 0.272558 6.992258 3.654383 0.322060 442 527 977
500 0.272558 4.575961 4.776068 -0.804210 70 1758 2281
501 0.272558 8.580748 -0.075225 -0.714408 711 1198 2397
502 0.272558 8.078603 -1.909392 -0.737561 555 647 848
503 0.272558 -8.658880 -0.205346 0.615705 915 1335 2156
504 0.272558 -6.883053 -2.297246 -1.291464 111 1084 1584
505 0.272558 -2.419944 2.970541 -2.069468 44 952 1417
506 0.272558 8.290856 0.150268 0.961046 1329 1777 2102
507 0.272558 -8.185957 2.402149 -0.005269 1280 1639 1856
508 0.272558 8.775796 -0.957976 -0.258363 618 647 831
509 0.272558 -8.866131 -0.767152 0.135951 266 615 915
510 0.272558 8.629140 1.046521 -0.537993 646 1603 2397
511 0.272558 -5.399123 4.234048 0.925357 231 1454 2050
512 0.272558 -7.551798 0.580598 -1.321721 459 535 2140
513 0.272558 -2.832709 2.416509 2.147711 865 1472 1609
514 0.272558 -8.433586 1.723411 0.428112 12 519 1856
515 0.272558 1.174675 -0.706748 -2.461193 946 959 1538
516 0.272558 1.921603 -3.464306 1.974181 1273 1431 2234
517 0.272558 8.758719 1.266333 0.173904 1513 1597 2245
518 0.272558 7.477425 0.644669 1.355349 513 1777 2058
519 0.272558 -8.749676 0.772014 0.440213 1335 1444 2103
520 0.272558 -1.279632 -4.555545 -1.587284 123 482 1692
521 0.272558 7.103748 2.592750 1.081315 203 1425 2454
522 0.272558 -8.029667 -2.501560 0.405527 675 1565 2056
523 0.272558 -7.200442 -0.038945 1.501129 1449 1543 2220
524 0.272558 -7.858979 2.835202 -0.291740 1223 1280 2224
525 0.272558 1.992160 5.726106 -0.490120 1452 1973 2091
526 0.272558 8.634668 0.299075 0.669589 48 1928 2102
527 0.272558 -4.145199 -4.491380 -1.184393 588 821 1155
528 0.272558 8.229057 -2.333122 -0.055932 1288 2044 2130
529 0.272558 -7.511149 -0.874698 1.326613 117 1894 2173
530 0.272558 -7.084509 -2.398342 -1.179838 111 1659 1897
531 0.272558 -8.719210 -0.361521 0.546376 915 1212 1335
532 0.272558 8.832641 0.088473 0.405983 48 536 1928
533 0.272558 -8.189808 2.347099 0.283468 12 1223 1856
534 0.272558 -8.052385 -1.525873 0.879678 46 1565 2173
535 0.272558 7.632260 -1.880983 1.043393 936 2051 2116
536 0.272558 7.938135 -0.354980 -1.140520 305 861 1198
537 0.272558 7.251004 -0.208932 1.475063 16 513 1377
538 0.272558 -4.166252 2.307447 1.998103 870 879 1877
539 0.272558 7.225384 2.823520 -0.915754 808 2142 2352
540 0.272558 -6.640535 -0.692033 1.660644 117 174 1543
541 0.272558 -3.530062 -4.915949 1.028113 262 310 2176
542 0.272558 -5.132947 -1.578902 -1.939981 601 681 851
543 0.272558 7.731877 -3.021352 0.066219 153 1732 2044
544 0.272558 -7.546121 2.881172 0.611887 1131 1639 2123
545 0.272558 7.794941 -1.320680 1.111904 474 1540 2051
546 0.272558 -5.149938 -1.034741 2.003212 581 668 1631
547 0.272558 2.862144 -1.106143 -2.324815 510 1458 1816
548 0.272558 0.337451 -0.462038 -2.487774 946 1237 1538
549 0.272558 4.186260 0.592280 2.200545 131 1379 1687
550 0.272558 -8.698868 1.203459 -0.300947 133 1214 1715
551 0.272558 -7.340511 -2.831568 0.832055 752 1099 1873
552 0.272558 -8.565334 1.395948 -0.443864 178 1214 1348
553 0.272558 -7.904069 1.745984 -0.947961 1017 1348 1926
554 0.272558 -0.315851 -4.962615 -1.400520 482 2080 2383
555 0.272558 0.736435 -0.054246 -2.492153 136 946 1314
556 0.272558 -4.849766 -0.992208 2.066677 581 964 1825
557 0.272558 -5.345071 -2.871665 1.616921 34 837 1352
558 0.272558 -2.628048 1.123667 -2.349381 76 290 332
559 0.272558 2.505949 3.991395 1.736313 42 734 2216
560 0.272558 -8.467567 -2.020546 0.025397 675 759 2487
561 0.272558 -4.303516 -3.235968 1.733265 134 1352 1497
562 0.272558 7.812213 -2.579303 0.609868 153 1675 2116
563 0.272558 -7.459408 1.605651 -1.228656 1017 1729 2140
564 0.272558 2.744504 5.155622 -1.020335 1098 1391 1758
565 0.272558 -6.819682 2.119496 1.365950 132 651 2145
566 0.272558 8.708621 -0.937751 -0.446297 711 793 831
567 0.272558 -1.622558 5.364948 1.014191 798 1046 1618
568 0.272558 -5.452834 -3.543168 1.333114 34 125 1913
569 0.272558 7.487971 0.055874 -1.379988 861 1339 1370
570 0.272558 7.279986 2.963677 -0.780083 2142 2227 2352
571 0.272558 6.482888 -3.656575 0.797615 828 1368 1932
572 0.272558 0.182332 -0.685734 -2.477998 946 1237 1538
573 0.272558 7.705530 1.511275 -1.117979 244 2194 2438
574 0.272558 1.575973 2.742381 2.175844 905 1191 2277
575 0.272558 -7.574970 1.844623 -1.107538 1017 1729 2388
576 0.272558 -6.632281 3.794583 0.560351 1131 2031 2081
577 0.272558 3.863538 -0.719246 -2.236486 390 1816 2078
578 0.272558 -4.887167 1.424807 -2.019050 3 958 2385
579 0.272558 8.652816 -1.279838 0.350187 618 703 930
580 0.272558 -8.892323 0.123888 -0.323455 636 993 1214
581 0.272558 5.927113 2.989658 -1.400990 950 1252 1829
582 0.272558 6.264250 -3.647929 0.939754 672 828 2402
583 0.272558 8.557828 -1.330540 0.502057 703 930 943
584 0.272558 3.720450 -2.356841 2.056258 552 1383 2367
585 0.272558 -2.411910 4.632947 -1.437566 1006 1428 1581
586 0.272558 -0.536315 2.744904 -2.221217 259 1500 1653
587 0.272558 -7.401024 1.257634 1.318927 57 196 1330
588 0.272558 -0.530590 4.989605 1.380726 243 1618 2455
589 0.272558 1.252589 -2.854538 -2.180321 83 802 1087
590 0.272558 -4.250094 -2.951150 -1.824392 59 288 568
591 0.272558 -1.225341 3.868250 1.881244 971 1590 2424
592 0.272558 -3.750713 -3.602826 -1.705878 59 780 1625
593 0.272558 -2.640571 2.026434 -2.239730 290 1206 1313
594 0.272558 -0.403790 1.309551 2.437140 89 823 2244
595 0.272558 2.784984 3.123145 -1.993920 418 1032 2109
596 0.272558 3.902528 -1.100044 2.203849 654 705 1648
597 0.272558 8.901925 0.607665 -0.133036 48 1185 2245
598 0.272558 7.800909 1.269131 1.126776 1052 1188 1777
599 0.272558 -7.775044 -0.254984 1.253621 1449 2156 2220
600 0.272558 -7.448717 1.442071 1.260006 57 132 196
601 0.272558 0.839513 -1.077905 2.451226 854 1460 2326
602 0.272558 1.687159 -0.871521 2.428636 508 600 2462
603 0.272558 0.374711 -2.596461 -2.257514 1087 1327 2046
604 0.272558 -7.247914 -1.166826 1.403678 1449 1575 2173
605 0.272558 2.182075 3.952227 1.783109 42 2213 2216
606 0.272558 -2.562962 2.485325 -2.164861 599 952 1206
607 0.272558 0.022468 5.030174 -1.356733 324 1879 2404
608 0.272558 4.364631 1.490101 2.095727 1453 2296 2362
609 0.272558 0.931335 2.174273 2.315718 241 2277 2379
610 0.272558 -4.622198 -0.850589 2.119045 581 1631 2325
611 0.272558 3.146411 -0.305475 -2.336673 685 1816 2452
612 0.272558 4.570729 -2.440808 -1.887977 543 969 2422
613 0.272558 5.937564 -0.437473 -1.863127 162 353 431
614 0.272558 -5.491826 1.630975 1.862910 1877 2135 2472
615 0.272558 3.380640 1.035272 2.276253 365 1687 2204
616 0.272558 -4.108865 3.608701 -1.638480 279 755 2090
617 0.272558 0.181504 0.410600 -2.495396 889 904 2077
618 0.272558 2.764709 -4.184489 1.618538 1762 1813 2207
619 0.272558 -5.866323 -2.499891 -1.585925 352 1286 1987
620 0.272558 3.701831 1.732488 -2.161803 1076 1399 2175
621 0.272558 3.341479 2.100723 -2.151779 1604 1933 2175
622 0.272558 6.984113 0.706939 -1.549707 389 698 1999
623 0.272558 -3.734782 0.933070 2.243398 791 1229 1977
624 0.272558 1.423795 0.986140 2.433184 439 1066 1550
625 0.272558 -4.639249 1.585910 -2.044560 922 958 2385
626 0.272558 -6.513874 -2.538852 -1.372969 1084 1584 1897
627 0.272558 6.317712 0.724677 -1.755377 389 1279 1999
628 0.272558 0.728312 -2.147728 2.330855 526 1220 2326
629 0.272558 0.353567 1.056342 2.457517 187 1332 2244
630 0.272558 6.202861 -1.460564 -1.710465 113 431 2181
631 0.272558 6.012233 3.511283 1.138380 750 955 2454
632 0.272558 -0.647450 1.170168 2.445493 89 823 2244
633 0.272558 1.506806 -5.147390 -1.214125 1328 1354 1372
634 0.272558 -6.973112 2.548300 1.167125 132 651 656
635 0.272558 3.920156 3.062148 -1.859235 878 1032 2242
636 0.272558 5.277732 4.303600 0.928855 511 955 1930
637 0.272558 -3.634521 3.423673 -1.792756 223 279 1848
638 0.272558 6.125387 0.185771 -1.826842 389 830 1279
639 0.272558 -6.082895 1.780073 1.690241 1077 2145 2472
640 0.272558 -4.900981 1.637501 -1.989714 922 958 2385
641 0.272558 -5.407903 3.055700 1.536236 50 1130 1649
642 0.272558 -3.604004 0.741612 2.272533 1598 1977 2074
643 0.272558 3.218040 2.501079 2.085977 602 694 1121
644 0.272558 4.632582 0.926459 -2.108671 699 1427 2374
645 0.272558 -0.811096 4.970567 1.374663 60 243 1618
646 0.272558 5.419077 -0.968103 -1.947615 162 431 888
647 0.272558 -2.377969 -4.626079 -1.456599 123 1692 1781
648 0.272558 1.033847 -3.612355 -1.979378 546 990 2230
649 0.272558 5.513604 1.181989 -1.913964 466 1350 1400
650 0.272558 -3.756468 2.761615 -1.966048 529 952 2093
651 0.272558 7.434970 0.900903 -1.360497 382 625 698
652 0.272558 6.153334 2.748456 -1.409290 950 1252 1829
653 0.272558 2.771389 2.763766 2.077557 948 1096 1121
654 0.272558 -4.223582 0.059295 2.215404 1598 2124 2325
655 0.272558 -1.043605 3.794369 1.917495 582 971 2424
656 0.272558 -5.898361 0.782094 1.858620 514 1505 2135
657 0.272558 2.908599 4.003259 -1.671738 215 1645 2413
658 0.272558 2.672658 0.827588 -2.359944 505 725 2232
659 0.272558 6.180100 -1.193600 1.748852 805 1340 1796
660 0.272558 2.917535 -2.121380 2.197887 570 1895 2367
661 0.272558 -2.481259 2.899804 2.077075 478 1000 1472
662 0.272558 7.093100 3.348350 0.624044 2212 2437 2454
663 0.272558 4.513089 -4.008759 1.376746 1175 1852 2288
664 0.272558 -0.617708 4.503829 1.646709 60 243 582
665 0.272558 -4.162788 -1.523631 2.129395 1825 1908 2294
666 0.272558 2.473878 4.766545 -1.355012 419 1523 1874
667 0.272558 3.089851 -3.003985 1.992484 570 1431 2295
668 0.272558 -3.093987 3.932128 -1.679923 279 339 1006
669 0.272558 1.672599 -4.317021 1.675618 341 746 1762
670 0.272558 -4.876403 -2.264985 1.884042 1081 1416 2485
671 0.272558 -0.555306 -5.042853 -1.342148 482 2182 2383
672 0.272558 3.385308 4.426920 -1.403549 419 928 1171
673 0.272558 3.706440 -1.056045 2.233259 654 705 1648
674 0.272558 1.440097 3.514222 1.990433 1191 1465 1935
675 0.272558 -5.365047 -3.363199 1.436018 533 1352 1913
676 0.272558 4.456536 -1.948827 2.018358 552 1648 1672
677 0.272558 -7.506725 2.919432 -0.653950 1162 1280 2224
678 0.272558 -3.661091 3.024785 1.909280 639 1000 2349
679 0.272558 6.935700 -3.048832 0.947725 672 1368 1675
680 0.272558 3.864752 1.225992 -2.196718 699 1867 2232
681 0.272558 -4.586208 -4.650050 -0.927923 326 1155 2250
682 0.272558 6.390124 -4.067156 -0.423433 557 1249 1669
683 0.272558 2.446456 -5.256817 -0.983867 1336 1372 1994
684 0.272558 4.585704 0.012167 -2.141184 271 689 1427
685 0.272558 4.295097 -5.004418 0.655140 257 883 1317
686 0.272558 3.284007 -5.188719 -0.859072 204 1336 1994
687 0.272558 -2.030401 -5.293148 -0.990730 996 1510 1608
688 0.272558 -8.003611 -0.615148 -1.123690 313 671 1697
689 0.272558 0.460289 4.612336 -1.598317 272 2269 2373
690 0.272558 -7.782135 1.694991 1.028240 132 196 1150
691 0.272558 6.273290 2.046674 1.582798 903 917 2376
692 0.272558 -4.079386 -4.588455 1.142990 262 708 2176
693 0.272558 -1.160312 -3.249731 -2.081044 603 1892 2301
694 0.272558 6.975611 -2.525422 -1.181070 184 1001 1341
695 0.272558 -1.663072 2.662497 2.192577 478 614 1578
696 0.272558 -6.767897 1.369212 1.545570 514 1330 1495
697 0.272558 3.474061 -2.756153 -2.002430 794 1197 2422
698 0.272558 -0.957195 1.598302 2.393318 292 584 823
699 0.272558 7.750071 -0.361617 -1.240570 305 861 2298
700 0.272558 4.210295 -4.978812 -0.724154 204 362 1394
701 0.272558 -1.513174 5.786980 -0.492686 597 942 1861
702 0.272558 -6.240074 -3.059273 1.269607 533 1873 2052
703 0.272558 6.289238 3.179363 -1.199328 950 1252 2348
704 0.272558 3.399302 -3.638578 -1.739345 751 1475 2025
705 0.272558 -4.625227 0.863437 -2.117204 3 267 1201
706 0.272558 -0.974496 4.139052 -1.792606 973 1151 1883
707 0.272558 -0.077257 -0.960592 -2.462823 1237 1538 1709
708 0.272558 4.715586 0.312473 2.126055 131 1064 1379
709 0.272558 -3.474500 -1.368772 2.238168 660 1825 2294
710 0.272558 -1.392647 -3.913785 -1.858936 1692 2368 2431
711 0.272558 3.274788 1.287395 -2.263167 1399 1867 2232
712 0.272558 1.471110 -0.077246 2.464182 508 2188 2272
713 0.272558 5.453254 -4.593469 -0.483993 362 1249 2029
714 0.272558 2.842994 -0.340925 -2.366318 1200 1816 2078
715 0.272558 0.222059 -3.219806 -2.113614 603 1087 2471
716 0.272558 -0.854435 -2.579467 -2.247054 5 1118 1327
717 0.272558 1.916895 0.052014 -2.445033 136 369 2452
718 0.272558 4.373220 -2.284900 -1.960334 543 969 2422
719 0.272558 -4.238042 0.324030 -2.203842 267 1201 2445
720 0.272558 -3.768238 -0.208008 2.275109 1598 2325 2466
721 0.272558 0.415452 -4.348288 1.722720 1020 1177 1944
722 0.272558 0.820884 -0.528248 2.481918 854 1460 2188
723 0.272558 3.980295 -3.034761 1.855007 763 2295 2377
724 0.272558 -3.883083 -0.867946 2.231867 256 660 1825
725 0.272558 7.078506 2.661434 -1.065837 808 1252 2352
726 0.272558 -8.196207 -1.256114 -0.870642 238 242 650
727 0.272558 4.759295 2.560384 -1.833682 878 1421 2066
728 0.272558 -1.154359 1.705001 2.374840 292 823 1337
729 0.272558 4.507916 2.057695 -1.985249 867 1943 2175
730 0.272558 -1.820516 -1.932456 -2.315647 5 984 1326
731 0.272558 7.651703 0.706262 -1.284457 382 625 698
732 0.272558 1.782255 -3.622713 1.933312 1273 1762 2234
733 0.272558 2.521860 0.086220 2.401772 1409 1685 1942
734 0.272558 -2.205543 4.894632 1.291198 620 798 1844
735 0.272558 6.104482 -0.613368 -1.815959 162 353 431
736 0.272558 -4.522251 1.610850 2.056585 578 941 1877
737 0.272558 -6.165905 2.069378 1.604551 1495 1649 2472
738 0.272558 -0.464025 3.375491 2.066604 36 971 2478
739 0.272558 6.852320 2.338022 1.302582 1425 1991 2086
740 0.272558 6.092318 1.238222 1.766297 189 437 1192
741 0.272558 5.903533 -1.696008 1.751124 422 1340 1884
742 0.272558 -2.438124 -3.028597 -2.047776 1253 1362 2089
743 0.272558 -4.692790 -2.432290 1.882804 1081 2001 2485
744 0.272558 1.183664 4.998947 -1.340140 1451 1874 1879
745 0.272558 0.463601 1.783997 2.382972 301 796 2379
746 0.272558 4.209503 -3.978435 -1.455134 2009 2025 2191
747 0.272558 5.252595 -2.444368 1.758024 202 1176 1834
748 0.272558 -6.024618 3.077072 1.333067 651 1454 1649
749 0.272558 -3.631671 -0.837790 -2.266113 199 240 1376
750 0.272558 -4.649017 -0.488035 2.135155 581 1825 2124
751 0.272558 3.414602 1.827442 -2.185095 1867 1933 2175
752 0.272558 -0.463927 2.706049 2.232113 36 292 1623
753 0.272558 1.219382 -2.856593 2.176966 94 1220 2234
754 0.272558 1.105902 2.311823 -2.287718 255 1410 2210
755 0.272558 -7.282738 -1.447044 1.345805 117 1575 2173
756 0.272558 4.037017 2.676536 1.938533 602 694 2393
757 0.272558 1.754984 -0.091866 -2.453731 136 369 1200
758 0.272558 -3.233808 4.025220 1.610908 495 1533 1835
759 0.272558 -2.410056 -2.116013 2.246129 719 1134 1974
760 0.272558 2.530304 -0.444395 2.393735 1685 1942 2462
761 0.272558 6.221145 2.692749 1.422444 750 1425 1991
762 0.272558 -1.276744 -5.389363 -1.013831 945 1085 1511
763 0.272558 -5.151994 3.818223 1.294875 461 1112 1454
764 0.272558 -0.716241 -5.108931 1.296554 560 1238 2273
765 0.272558 6.983594 1.321141 1.482542 628 1188 2376
766 0.272558 8.274595 2.313534 0.094725 549 1568 1597
767 0.272558 -3.215694 2.428391 2.109019 865 1609 2349
768 0.272558 -0.941341 0.335621 -2.487085 904 907 1477
769 0.272558 5.768077 -1.542866 1.812497 1176 1340 1884
770 0.272558 3.219825 -4.509207 1.390766 155 1813 2207
771 0.272558 -2.095218 -3.899305 -1.814676 762 1692 2368
772 0.272558 -7.823401 -0.691539 1.193245 1449 1462 2173
773 0.272558 3.418618 -1.610299 2.217652 705 1648 2367
774 0.272558 4.840017 -0.649452 -2.082816 162 390 689
775 0.272558 4.567694 0.150037 -2.145206 689 1427 1674
776 0.272558 -4.338499 -2.285244 -1.968078 288 1125 2022
777 0.272558 5.876563 4.377381 -0.501709 737 1745 2309
778 0.272558 -3.241718 2.724970 2.042092 1000 1609 1636
779 0.272558 -0.606073 5.431958 -1.053159 324 2380 2404
780 0.272558 -7.879462 -0.036484 -1.211791 139 459 1080
781 0.272558 0.999983 3.090198 -2.123331 1653 1666 1906
782 0.272558 -6.574914 -1.689963 1.563267 605 1595 1801
783 0.272558 4.462596 1.841339 -2.030943 1421 1943 2175
784 0.272558 1.125319 1.515563 2.400971 241 1066 1332
785 0.272558 -6.056328 0.903398 1.811448 514 1505 2135
786 0.272558 -2.076794 -5.544410 -0.727885 1338 1511 1608
787 0.272558 2.898177 2.668635 2.085606 602 1096 1121
788 0.272558 -2.476073 -3.053768 2.047147 719 1606 2329
789 0.272558 -8.049073 -0.801356 1.052226 46 1894 2173
790 0.272558 0.291100 5.021034 -1.359074 272 2040 2404
791 0.272558 -0.153464 3.971558 1.881357 582 1433 2478
792 0.272558 -7.348654 3.438665 0.044652 481 1868 2480
793 0.272558 -6.313148 3.516304 1.014749 1454 1786 2060
794 0.272558 -1.438575 5.269718 1.114254 798 855 1618
795 0.272558 4.954714 -0.046513 2.085906 98 131 1678
796 0.272558 0.703081 -5.775830 0.664328 1319 1763 2013
797 0.272558 8.074552 2.099591 -0.667910 124 443 2194
798 0.272558 -5.208669 0.948572 2.003615 578 1662 2135
799 0.272558 -8.368835 0.505082 -0.898946 268 459 809
800 0.272558 5.057169 -2.332848 1.828548 994 1176 1221
801 0.272558 -1.476778 -5.224687 -1.130131 173 1085 1511
802 0.272558 6.866977 2.092750 1.366012 817 1991 2086
803 0.272558 1.557491 -0.684867 -2.448096 872 946 959
804 0.272558 -6.033729 -2.968362 1.384766 34 533 2052
805 0.272558 -5.843915 4.363102 0.499880 2050 2081 2160
806 0.272558 1.183369 -5.033126 -1.320183 135 1354 1711
807 0.272558 7.099015 1.562971 1.397704 2058 2086 2376
808 0.272558 1.193867 4.824305 -1.450785 1874 1879 2231
809 0.272558 -3.807617 2.419723 2.033525 870 879 1636
810 0.272558 5.220528 4.744781 -0.502072 70 1397 2309
811 0.272558 -1.761792 -4.531633 1.564194 355 1146 1887
812 0.272558 -2.774960 5.195995 -0.995689 49 1581 2334
813 0.272558 -7.949836 0.009719 1.174410 1894 2220 2240
814 0.272558 -7.767836 0.073504 -1.257720 459 899 1080
815 0.272558 -1.557540 -5.679173 0.642558 947 2098 2351
816 0.272558 -5.159444 3.675085 -1.350624 755 1275 2274
817 0.272558 5.469161 -4.661912 -0.337955 362 799 1249
818 0.272558 -2.901537 -3.733252 -1.785712 563 738 762
819 0.272558 1.678603 3.858526 -1.849422 41 215 644
820 0.272558 4.700348 -4.641705 -0.874029 204 230 1161
821 0.272558 1.341167 5.679652 0.703134 106 707 1473
822 0.272558 0.137350 4.822437 1.489523 60 630 1917
823 0.272558 4.657343 4.670720 0.885554 183 511 1930
824 0.272558 0.948843 -5.116330 1.280704 1242 1274 1690
825 0.272558 3.814251 -2.834751 1.937412 763 1628 2295
826 0.272558 -5.836515 -2.265760 1.658556 937 1416 1801
827 0.272558 -0.033965 -4.551332 -1.632933 482 1494 2080
828 0.272558 -5.084725 -2.799469 1.706281 134 837 1352
829 0.272558 8.322948 -0.802458 -0.866278 711 2049 2298
830 0.272558 -3.121186 5.558522 0.321727 598 2113 2187
831 0.272558 -4.300791 5.218658 0.308476 411 2131 2187
832 0.272558 -7.019549 3.633464 0.329318 1131 2081 2480
833 0.272558 -6.834153 -3.709806 -0.501566 1063 2354 2417
834 0.272558 0.359657 -2.325732 -2.308286 1327 1553 2046
835 0.272558 -3.559010 -4.344930 1.411699 262 388 708
836 0.272558 -2.499753 0.281221 2.403524 171 772 1126
837 0.272558 -5.782655 3.869308 -1.020032 252 2274 2494
838 0.272558 -5.830584 -0.671686 -1.890524 265 1551 1948
839 0.272558 5.397770 -4.757424 -0.141607 362 1218 1249
840 0.272558 5.514559 3.860754 -1.144677 950 2281 2348
841 0.272558 0.183596 2.284409 -2.315745 259 1653 1855
842 0.272558 -5.853389 -2.220713 -1.661375 1084 1286 1695
843 0.272558 6.617287 -3.907886 -0.424476 557 1249 1669
844 0.272558 -6.430751 -2.847447 -1.295667 1084 1386 1584
845 0.272558 -0.411037 -0.276280 -2.492444 889 907 1237
846 0.272558 -1.944094 5.376901 -0.983708 49 1581 2380
847 0.272558 4.311519 -3.495298 1.645166 763 2377 2418
848 0.272558 -3.505527 5.488220 0.208758 411 598 2187
849 0.272558 1.111201 2.927167 -2.160704 1653 1769 1906
850 0.272558 -3.211718 -2.741817 -2.029041 568 1022 2022
851 0.272558 5.735142 4.508298 0.344399 527 1557 2384
852 0.272558 -7.649644 -2.421212 -0.843884 111 242 756
853 0.272558 -8.131267 1.489416 -0.879232 809 1017 2388
854 0.272558 5.058705 -0.747056 -2.035759 390 1056 1264
855 0.272558 5.160740 0.279499 -2.037927 489 1408 2222
856 0.272558 5.371119 0.627396 -1.988017 466 1408 2222
857 0.272558 8.078211 1.978265 0.703863 724 1361 1724
858 0.272558 6.313260 -0.503630 1.770150 593 662 1796
859 0.272558 8.235759 2.392778 -0.086960 549 1568 1597
860 0.272558 7.526537 1.910142 -1.119060 29 244 808
861 0.272558 -3.038110 -3.270858 -1.913303 563 568 738
862 0.272558 5.552803 1.378673 -1.881577 1400 2315 2374
863 0.272558 -1.707627 -2.849552 -2.150273 1118 1362 2089
864 0.272558 1.450664 5.849613 0.325337 291 707 1186
865 0.272558 -1.875924 2.115399 -2.286654 290 844 1206
866 0.272558 1.991771 3.048146 -2.085644 418 1906 2109
867 0.272558 0.009756 -5.330290 1.153919 1238 1787 2013
868 0.272558 4.796522 -2.881583 -1.736556 234 969 2469
869 0.272558 2.393573 -1.035544 2.375696 600 1294 2110
870 0.272558 -2.372863 -3.270887 -1.991699 1253 1362 1698
871 0.272558 0.641146 3.748220 1.948390 1433 1465 2478
872 0.272558 1.764742 3.488174 1.980946 1191 1465 1935
873 0.272558 0.643113 -5.936957 0.335841 765 1763 2488
874 0.272558 -7.221736 0.658561 1.470808 57 514 2101
875 0.272558 -1.310508 5.916538 0.184087 1069 1626 1861
876 0.272558 -1.678003 -5.032173 -1.269087 123 173 1085
877 0.272558 -4.862415 -3.721328 -1.426673 821 1625 1791
878 0.272558 -2.623766 -4.224716 -1.625827 1692 1781 2361
879 0.272558 2.096026 0.514978 -2.422142 369 652 2452
880 0.272558 -1.607406 -4.219403 1.726314 355 933 1887
881 0.272558 4.762484 -0.175808 -2.108629 689 1056 1674
882 0.272558 -8.804324 0.256301 -0.482880 268 993 1156
883 0.272558 1.807119 -4.813476 -1.400912 1328 1619 1711
884 0.272558 7.882769 1.260409 -1.083085 382 2194 2438
885 0.272558 -5.138814 4.808646 -0.425149 1656 2215 2498
886 0.272558 -4.967995 -0.033400 -2.086156 77 265 1201
887 0.272558 1.189828 -5.800235 -0.504701 1255 1412 1803
888 0.272558 1.364102 -5.921533 0.143035 1165 1169 1763
889 0.272558 5.085959 3.188947 -1.577740 1956 2007 2066
890 0.272558 -5.617245 -4.261979 -0.822078 572 1281 2250
891 0.272558 0.561542 -4.698781 -1.552994 232 1494 2080
892 0.272558 7.108766 -1.833963 1.320078 936 951 1464
893 0.272558 -7.345986 -1.690863 1.271847 1575 1596 2173
894 0.272558 4.156297 2.529732 -1.953242 867 1968 2175
895 0.272558 -1.731947 0.683285 -2.444488 76 2037 2392
896 0.272558 -7.577495 -3.129731 0.298389 470 752 2056
897 0.272558 -7.211707 -2.561871 -1.061538 111 684 1584
898 0.272558 -4.579949 3.096885 -1.732132 589 1848 2093
899 0.272558 0.711843 -4.523058 -1.637995 7 135 1494
900 0.272558 5.665082 4.598719 0.211747 527 1208 1810
901 0.272558 6.248690 -2.835303 1.361699 1028 1300 2339
902 0.272558 2.556046 -1.704642 2.298599 1232 1927 2110
903 0.272558 5.155164 -4.669177 -0.592919 362 799 1161
904 0.272558 -3.902723 -0.416216 2.254416 170 2325 2466
905 0.272558 1.386995 -5.827985 -0.419759 1255 1412 1803
906 0.272558 -4.272207 -1.219917 -2.147320 240 655 851
907 0.272558 6.580770 -1.140534 -1.639107 857 2181 2365
908 0.272558 2.299757 5.735575 -0.356968 781 1973 2091
909 0.272558 -4.000204 -0.189867 -2.242958 77 1967 2445
910 0.272558 -6.671284 -1.454932 1.573661 1575 1595 1801
911 0.272558 -1.507674 5.702604 -0.668185 176 597 1983
912 0.272558 5.110372 -3.143093 1.585247 763 2084 2489
913 0.272558 1.682624 -1.129639 -2.413061 254 959 1054
914 0.272558 -2.699989 5.371499 0.817718 146 253 2113
915 0.272558 -3.129200 -1.061934 2.305927 180 576 2466
916 0.272558 2.184031 2.844846 2.112125 237 1191 1871
917 0.272558 1.556755 -4.508032 -1.584975 232 1091 1328
918 0.272558 -1.479293 4.761073 1.456164 243 620 2360
919 0.272558 -8.446819 -1.594042 -0.469549 242 759 993
920 0.272558 0.061191 5.969468 0.237388 987 1069 1186
921 0.272558 8.389153 -1.081404 -0.767629 711 2049 2298
922 0.272558 -6.345002 -4.118672 -0.457051 1063 1945 2117
923 0.272558 -8.482326 -0.147234 0.805254 770 1335 2156
924 0.272558 8.237800 -1.456182 0.803612 474 1540 2107
925 0.272558 7.475847 1.670497 -1.207116 29 244 2194
926 0.272558 3.483368 2.906078 1.962903 104 948 1509
927 0.272558 -5.564319 0.367118 1.956660 949 1119 1539
928 0.272558 -8.799388 -0.816288 0.274905 266 480 1258
929 0.272558 3.618228 5.350641 -0.530429 52 169 1761
930 0.272558 3.293298 -5.104864 0.922058 155 1317 1549
931 0.272558 0.939617 -4.907316 -1.415205 232 1328 1354
932 0.272558 -4.475328 -4.944739 -0.679435 326 1369 2250
933 0.272558 -6.372888 -3.634419 -0.911211 368 572 1063
934 0.272558 -5.101420 -1.128563 -2.009722 601 851 2476
935 0.272558 -1.036998 -3.017347 2.149030 1325 1414 1965
936 0.272558 3.320350 -5.365541 0.618786 257 1317 1549
937 0.272558 -4.846421 4.724896 -0.740268 706 849 1656
938 0.272558 4.648087 -4.151107 1.266855 1175 2288 2418
939 0.272558 3.762036 -4.708106 1.140900 665 1317 2288
940 0.272558 -7.615420 -2.149416 0.983520 787 1565 1596
941 0.272558 5.124255 -0.546214 -2.031851 162 390 489
942 0.272558 2.363761 4.465790 -1.539670 419 928 1874
943 0.272558 -4.857874 -4.574426 -0.891984 326 1155 2250
944 0.272558 6.186300 -1.004636 1.769206 805 1796 1884
945 0.272558 2.780231 5.402610 -0.776356 1098 1758 2091
946 0.272558 2.003764 -4.610974 1.502717 736 1242 1813
947 0.272558 -4.452321 2.972869 -1.794668 589 1848 2093
948 0.272558 0.978313 0.624525 -2.477877 369 1314 2097
949 0.272558 -3.586257 5.045628 -0.908642 21 68 849
950 0.272558 -0.159709 -0.697406 -2.477714 430 1034 1538
951 0.272558 -5.572183 3.142196 1.458334 50 461 1649
952 0.272558 -5.469929 -3.705365 1.255769 125 533 1913
953 0.272558 8.855115 -0.120791 -0.425929 711 831 2397
954 0.272558 3.387615 4.092785 1.570216 912 1632 2213
955 0.272558 6.802566 1.584015 -1.496587 244 1036 1914
956 0.272558 3.349581 -0.641828 2.304242 705 1446 1942
957 0.272558 -1.775608 0.013026 2.456309 886 1126 1748
958 0.272558 3.896137 -4.293883 -1.371575 1531 1627 2025
959 0.272558 6.255899 -2.011180 1.593084 422 1340 2339
960 0.272558 5.243527 3.510632 -1.413498 611 638 2007
961 0.272558 3.290107 3.950473 1.649986 734 912 2333
962 0.272558 6.933732 -2.079833 -1.346828 1413 2146 2181
963 0.272558 -0.188726 5.592482 -0.911463 1324 1508 2404
964 0.272558 -8.446919 1.922908 -0.263312 133 1280 1856
965 0.272558 -2.092092 3.117249 -2.064649 44 168 599
966 0.272558 -8.942776 -0.376746 -0.112956 266 615 993
967 0.272558 -8.881733 0.540694 0.306051 519 1335 2103
968 0.272558 -2.551571 -5.389585 0.828194 310 900 1644
969 0.272558 -5.861742 -0.865149 -1.870524 1551 1948 2138
970 0.272558 2.437221 5.749611 0.077883 753 781 2111
971 0.272558 4.549206 1.421316 -2.075430 699 1076 2374
972 0.272558 6.912803 1.148626 1.531971 628 2058 2376
973 0.272558 7.339818 -3.301470 -0.434112 363 557 2044
974 0.272558 -6.339603 -0.603610 -1.764379 499 507 1948
975 0.272558 5.784909 -2.256103 1.670234 202 1176 2339
976 0.272558 -0.866080 -4.275733 1.745508 381 1887 2054
977 0.272558 3.478469 -5.501000 -0.010298 119 1292 1634
978 0.272558 -1.918219 5.604866 -0.737197 49 597 942
979 0.272558 5.098680 4.879337 -0.368008 53 70 1250
980 0.272558 -8.233109 1.903538 -0.623970 133 1280 2388
981 0.272558 2.919079 -3.195453 -1.962093 140 1475 1872
982 0.272558 -1.431516 -5.551997 0.862431 900 947 2351
983 0.272558 6.704643 2.137720 -1.406132 244 1252 1914
984 0.272558 2.102164 5.211569 -1.092022 1098 1523 2231
985 0.272558 3.792032 -0.479998 2.258314 131 654 1446
986 0.272558 4.416258 -2.397858 1.942408 552 1628 1834
987 0.272558 -1.736650 -3.261840 -2.049273 1362 1698 1995
988 0.272558 6.537102 -2.331442 1.422557 1028 1415 2339
989 0.272558 -5.961236 -4.325647 0.494731 1519 2152 2303
990 0.272558 -1.539491 -5.006707 -1.304199 123 173 1085
991 0.272558 3.257948 -0.142384 -2.328007 685 2078 2452
992 0.272558 0.893814 1.407880 2.420321 1066 1332 2379
993 0.272558 5.020191 1.729083 -1.946682 1421 2315 2374
994 0.272558 0.673755 -5.708639 -0.746305 1255 1384 1828
995 0.272558 3.055107 -5.597791 0.167771 257 985 1165
996 0.272558 5.406898 0.182121 -1.989995 489 1408 2222
997 0.272558 2.571870 0.637413 2.383755 1409 2045 2272
998 0.272558 4.281593 -5.172478 0.373254 119 257 1353
999 0.272558 5.814880 -2.821709 1.509402 202 1300 2339
